DataSet 6
Learner: Baum Welch Learner
Log Likelihood: 91010.3253471854

Number of States: 10
Number of Symbols: 6
Threshold: 0.01

Initial Distribution:
0.0000	0.0000	0.0000	0.4762	0.0000	0.0000	0.0000	0.0000	0.5238	0.0000	

Transitions:
0.0069	0.0000	0.0000	0.8268	0.0000	0.0000	0.0000	0.0000	0.0000	0.1663	
0.0000	0.0000	0.0234	0.4006	0.0000	0.0000	0.0000	0.0036	0.5723	0.0000	
0.0000	0.0547	0.0000	0.0000	0.0016	0.0000	0.3160	0.5595	0.0097	0.0585	
0.0000	0.5283	0.0000	0.0000	0.0010	0.2262	0.0000	0.0768	0.0543	0.1135	
0.0000	0.5206	0.0000	0.0000	0.0001	0.2496	0.0000	0.0000	0.0000	0.2297	
0.0000	0.1366	0.0000	0.2261	0.0000	0.0000	0.0000	0.2366	0.4007	0.0001	
0.8750	0.0019	0.0657	0.0001	0.0017	0.0000	0.0000	0.0312	0.0219	0.0026	
0.0000	0.3024	0.1408	0.0000	0.4879	0.0002	0.0000	0.0687	0.0000	0.0000	
0.0000	0.2173	0.3804	0.0000	0.2880	0.0000	0.0000	0.0296	0.0846	0.0000	
0.0000	0.0517	0.0078	0.0198	0.0008	0.0339	0.1398	0.0027	0.0058	0.7377	

Emissions
0.0000	0.0246	0.0050	0.0276	0.0000	0.9428	
0.0000	0.0513	0.0001	0.0000	0.9486	0.0000	
0.0000	0.0000	0.0000	0.7177	0.2823	0.0000	
0.0000	0.9050	0.0000	0.0000	0.0950	0.0000	
0.1072	0.0000	0.8734	0.0194	0.0000	0.0000	
0.0001	0.0598	0.9394	0.0000	0.0007	0.0000	
0.2123	0.0000	0.0000	0.0036	0.7841	0.0000	
0.9679	0.0000	0.0014	0.0225	0.0000	0.0082	
0.0003	0.0000	0.0000	0.0000	0.9997	0.0000	
0.1891	0.0527	0.0490	0.2321	0.0000	0.4771	
