DataSet 35
Learner: Baum Welch Learner
Log Likelihood: 314488.5634837740

Number of States: 10
Number of Symbols: 20
Threshold: 0.01

Initial Distribution:
0.0000	0.0000	0.0000	0.1347	0.8643	0.0000	0.0000	0.0011	0.0000	0.0000	

Transitions:
0.0719	0.0018	0.0524	0.0029	0.1911	0.0092	0.0836	0.0773	0.0725	0.4373	
0.0000	0.0000	0.0024	0.0007	0.0235	0.0151	0.0564	0.9017	0.0000	0.0000	
0.2589	0.0546	0.1312	0.0214	0.0060	0.1762	0.1383	0.0000	0.1909	0.0226	
0.0749	0.0002	0.1683	0.1321	0.0570	0.0622	0.0116	0.3429	0.0002	0.1505	
0.1155	0.0141	0.0000	0.0000	0.0519	0.5611	0.0359	0.0096	0.0002	0.2116	
0.2820	0.1152	0.2093	0.0022	0.0795	0.0182	0.1994	0.0666	0.0203	0.0072	
0.0635	0.0000	0.0082	0.0227	0.0000	0.3696	0.2358	0.0842	0.2148	0.0012	
0.1105	0.2561	0.5407	0.0006	0.0026	0.0049	0.0009	0.0104	0.0732	0.0001	
0.2674	0.0840	0.0100	0.2706	0.0024	0.0020	0.0692	0.0072	0.2731	0.0140	
0.0002	0.0039	0.0187	0.7841	0.0014	0.0028	0.0944	0.0110	0.0834	0.0000	

Emissions
0.0856	0.0843	0.4107	0.0853	0.0000	0.1646	0.0625	0.0000	0.0000	0.0048	0.0004	0.0166	0.0259	0.0009	0.0001	0.0050	0.0000	0.0196	0.0335	0.0002	
0.0000	0.0000	0.0004	0.0503	0.0001	0.0070	0.0220	0.0000	0.0154	0.0137	0.0000	0.5665	0.0582	0.0011	0.0944	0.0122	0.1576	0.0000	0.0000	0.0011	
0.0527	0.0000	0.0000	0.0444	0.0000	0.1426	0.0002	0.0000	0.0000	0.0887	0.2218	0.0000	0.0415	0.1875	0.0000	0.0420	0.0000	0.0370	0.0606	0.0809	
0.0000	0.0336	0.0360	0.0062	0.3002	0.0019	0.0118	0.0000	0.0000	0.0964	0.0404	0.0456	0.0902	0.0000	0.0326	0.2866	0.0000	0.0073	0.0109	0.0003	
0.0000	0.0184	0.0000	0.0407	0.0013	0.0000	0.0000	0.3721	0.0000	0.3055	0.1595	0.0000	0.0000	0.0000	0.0473	0.0000	0.0000	0.0041	0.0000	0.0511	
0.0000	0.1030	0.0000	0.0519	0.0000	0.3175	0.2524	0.0203	0.0253	0.0000	0.0358	0.0300	0.0125	0.0090	0.0829	0.0201	0.0000	0.0393	0.0000	0.0000	
0.0000	0.0997	0.0088	0.0465	0.0001	0.0094	0.0561	0.0055	0.4638	0.0001	0.0509	0.0144	0.0870	0.0416	0.0029	0.0008	0.0016	0.0745	0.0364	0.0000	
0.0000	0.0099	0.0286	0.1181	0.1301	0.0395	0.0001	0.0000	0.0000	0.0028	0.0053	0.0162	0.0000	0.0439	0.4621	0.0070	0.0000	0.0000	0.0056	0.1308	
0.1328	0.0215	0.0164	0.0016	0.0949	0.0003	0.0084	0.0005	0.0189	0.0019	0.0031	0.0495	0.0060	0.2048	0.0000	0.0082	0.0003	0.2278	0.0477	0.1557	
0.0244	0.0000	0.0084	0.0512	0.0027	0.0078	0.1573	0.0000	0.0001	0.0123	0.0126	0.0223	0.0170	0.0001	0.0074	0.0273	0.5349	0.0005	0.1133	0.0004	
