DataSet 35
Learner: Baum Welch Learner
Log Likelihood: 287663.0375298570

Number of States: 30
Number of Symbols: 20
Threshold: 0.01

Initial Distribution:
0.0035	0.0000	0.0000	0.0000	0.0007	0.0000	0.0000	0.0000	0.0009	0.0000	0.0000	0.0091	0.0000	0.0000	0.0000	0.0000	0.0152	0.0000	0.0115	0.0101	0.0000	0.0000	0.0000	0.0969	0.4034	0.0031	0.0000	0.3640	0.0000	0.0815	

Transitions:
0.0003	0.1467	0.0328	0.0012	0.0197	0.0057	0.0800	0.0885	0.0001	0.0000	0.0057	0.0001	0.2320	0.0011	0.0187	0.0000	0.0444	0.0490	0.0004	0.0929	0.0090	0.0033	0.1212	0.0000	0.0000	0.0000	0.0213	0.0000	0.0254	0.0007	
0.0095	0.0000	0.0209	0.0000	0.0000	0.0289	0.0211	0.0146	0.0050	0.0001	0.0227	0.0000	0.0000	0.0000	0.0000	0.1638	0.3018	0.0000	0.0000	0.0336	0.1201	0.0000	0.0000	0.0001	0.1047	0.0000	0.0000	0.0000	0.0338	0.1191	
0.0000	0.0257	0.0000	0.0000	0.0000	0.0011	0.0567	0.0008	0.0329	0.0000	0.0000	0.0013	0.0000	0.0208	0.4858	0.0000	0.0000	0.2978	0.0000	0.0058	0.0000	0.0213	0.0235	0.0000	0.0000	0.0000	0.0211	0.0000	0.0005	0.0049	
0.0000	0.1107	0.0000	0.0000	0.0000	0.0000	0.0000	0.0012	0.0026	0.0000	0.0000	0.2317	0.0000	0.0000	0.0238	0.5485	0.0000	0.0266	0.0000	0.0276	0.0000	0.0037	0.0000	0.0000	0.0000	0.0000	0.0000	0.0000	0.0007	0.0230	
0.0000	0.0001	0.0000	0.0005	0.2005	0.0375	0.0034	0.0001	0.1790	0.0000	0.0000	0.0066	0.0000	0.0000	0.0000	0.0000	0.2475	0.0000	0.0005	0.0000	0.0055	0.0000	0.0000	0.0276	0.0000	0.2906	0.0000	0.0003	0.0000	0.0000	
0.0001	0.0040	0.0000	0.0208	0.0041	0.0470	0.0594	0.0481	0.0000	0.2686	0.0522	0.0000	0.0191	0.0000	0.0000	0.0400	0.0458	0.0048	0.0005	0.0000	0.0704	0.0000	0.0022	0.0312	0.0054	0.0000	0.1429	0.0015	0.1276	0.0045	
0.0577	0.0000	0.0000	0.0410	0.0004	0.0000	0.0210	0.0003	0.3299	0.0025	0.0005	0.0000	0.0810	0.0000	0.0000	0.0000	0.0007	0.0000	0.2935	0.0000	0.0010	0.0000	0.0016	0.1523	0.0000	0.0001	0.0156	0.0000	0.0009	0.0000	
0.0211	0.0122	0.1162	0.0026	0.0319	0.0000	0.0133	0.0067	0.1472	0.0000	0.0372	0.0000	0.0000	0.0658	0.0037	0.0899	0.0011	0.0110	0.0290	0.1137	0.0262	0.2446	0.0014	0.0108	0.0083	0.0000	0.0062	0.0000	0.0000	0.0000	
0.0011	0.0238	0.0048	0.0051	0.0000	0.0026	0.0006	0.0492	0.0162	0.0082	0.0000	0.0000	0.1271	0.0019	0.0000	0.0648	0.0001	0.0140	0.0160	0.0671	0.0006	0.0133	0.5053	0.0421	0.0002	0.0000	0.0304	0.0000	0.0052	0.0000	
0.0472	0.0083	0.0000	0.0233	0.1682	0.0000	0.0000	0.0031	0.2546	0.0000	0.0002	0.0197	0.0000	0.0143	0.0082	0.0008	0.0000	0.0000	0.0008	0.1290	0.0321	0.2604	0.0001	0.0166	0.0000	0.0069	0.0000	0.0000	0.0032	0.0029	
0.0421	0.0000	0.0109	0.0856	0.0527	0.0010	0.0018	0.0548	0.0000	0.2689	0.1818	0.0044	0.0123	0.0002	0.0019	0.0036	0.0421	0.0000	0.0002	0.0000	0.0025	0.0000	0.0000	0.2320	0.0006	0.0000	0.0000	0.0000	0.0008	0.0000	
0.0000	0.0014	0.0013	0.0000	0.0230	0.0260	0.0000	0.0109	0.0019	0.1064	0.0000	0.0000	0.2780	0.0001	0.0236	0.0000	0.0003	0.4063	0.0000	0.0000	0.0000	0.0000	0.0000	0.0000	0.0000	0.0000	0.0000	0.0032	0.1175	0.0000	
0.0043	0.2034	0.0023	0.0156	0.0000	0.0433	0.0026	0.0192	0.0111	0.0849	0.0270	0.0411	0.0000	0.1095	0.0000	0.0000	0.0227	0.0110	0.0272	0.0670	0.0213	0.0736	0.0014	0.0625	0.0975	0.0015	0.0003	0.0234	0.0048	0.0216	
0.0006	0.0000	0.0020	0.0607	0.0000	0.0042	0.0000	0.0430	0.0029	0.3577	0.1424	0.0000	0.0000	0.0000	0.0000	0.0000	0.0890	0.0012	0.0000	0.0043	0.0000	0.0000	0.0000	0.1127	0.0815	0.0000	0.0000	0.0901	0.0001	0.0076	
0.0000	0.0131	0.0000	0.0132	0.0000	0.0091	0.1209	0.0760	0.0002	0.0816	0.0253	0.0000	0.0029	0.0000	0.0000	0.0000	0.0066	0.0000	0.0001	0.0000	0.0417	0.0001	0.1130	0.0305	0.0000	0.0001	0.2411	0.0000	0.1557	0.0688	
0.1269	0.0000	0.0000	0.1143	0.0772	0.0239	0.0002	0.0000	0.0156	0.0023	0.0000	0.0064	0.0589	0.0000	0.0000	0.0000	0.1335	0.0000	0.0334	0.0000	0.0050	0.0000	0.0000	0.4025	0.0000	0.0000	0.0000	0.0000	0.0000	0.0000	
0.0000	0.0000	0.0064	0.0000	0.0007	0.1308	0.0000	0.0061	0.0078	0.0000	0.0000	0.0000	0.0000	0.0000	0.0000	0.0000	0.5679	0.0000	0.0000	0.0000	0.1427	0.0000	0.0000	0.0060	0.0000	0.0000	0.0025	0.0000	0.0000	0.1293	
0.0000	0.0002	0.2869	0.0000	0.0000	0.0023	0.0000	0.0004	0.0000	0.0000	0.0001	0.0000	0.1655	0.0000	0.0000	0.0000	0.0407	0.0306	0.0000	0.1463	0.0000	0.0363	0.0020	0.0000	0.0000	0.0019	0.0000	0.0000	0.2867	0.0000	
0.0720	0.0001	0.1138	0.0000	0.0004	0.0000	0.0357	0.0000	0.2382	0.0000	0.0028	0.0016	0.0013	0.1150	0.0028	0.0002	0.0000	0.0003	0.0070	0.0000	0.0099	0.0096	0.0083	0.0059	0.0000	0.0884	0.1048	0.0000	0.1616	0.0200	
0.0203	0.0000	0.0000	0.0000	0.0139	0.0002	0.0000	0.0604	0.0309	0.0000	0.0000	0.0139	0.0670	0.0309	0.0011	0.0382	0.0000	0.0000	0.1564	0.1980	0.0000	0.2861	0.0581	0.0043	0.0001	0.0000	0.0001	0.0000	0.0000	0.0203	
0.0641	0.0000	0.0994	0.0000	0.0205	0.0000	0.0580	0.0035	0.0115	0.0001	0.2418	0.0000	0.0000	0.0000	0.0000	0.1659	0.0000	0.0000	0.0668	0.0000	0.0124	0.0000	0.0000	0.0000	0.0478	0.0000	0.1177	0.0000	0.0904	0.0001	
0.0000	0.0000	0.0007	0.0000	0.0001	0.0153	0.0541	0.0000	0.0000	0.0697	0.0000	0.0000	0.0000	0.0000	0.0745	0.0434	0.0004	0.0800	0.1201	0.0017	0.0343	0.0000	0.0663	0.0001	0.0052	0.0000	0.3410	0.0000	0.0559	0.0371	
0.0277	0.0000	0.0000	0.0000	0.0000	0.0044	0.2147	0.0045	0.0002	0.0231	0.0000	0.0000	0.0072	0.0001	0.0009	0.1503	0.0000	0.0612	0.0353	0.0007	0.0912	0.0000	0.0045	0.0005	0.0040	0.0012	0.1530	0.0000	0.2143	0.0011	
0.0000	0.0004	0.0008	0.0000	0.0000	0.0619	0.0025	0.0510	0.2377	0.0000	0.0034	0.0767	0.0000	0.0010	0.0000	0.0000	0.0051	0.0000	0.0000	0.2062	0.0000	0.1846	0.0834	0.0542	0.0000	0.0000	0.0000	0.0000	0.0043	0.0268	
0.0315	0.2916	0.0062	0.0000	0.0063	0.0001	0.0000	0.0000	0.0000	0.0568	0.0000	0.0000	0.0000	0.1752	0.0139	0.0000	0.0003	0.1329	0.0386	0.0980	0.0191	0.0000	0.0000	0.0000	0.0556	0.0001	0.0156	0.0000	0.0457	0.0124	
0.0201	0.0000	0.0017	0.0000	0.0000	0.0002	0.0295	0.0000	0.0000	0.0000	0.0000	0.0489	0.0000	0.4079	0.0000	0.0182	0.0599	0.0001	0.0050	0.0996	0.0014	0.0169	0.0398	0.0195	0.0000	0.1876	0.0272	0.0000	0.0054	0.0112	
0.0000	0.0000	0.0000	0.0000	0.0101	0.0126	0.0748	0.0000	0.0012	0.1001	0.0000	0.0000	0.0112	0.0000	0.0184	0.0533	0.0461	0.2106	0.0031	0.1151	0.0657	0.0000	0.0020	0.0008	0.0000	0.0042	0.1162	0.0000	0.1270	0.0273	
0.0000	0.0828	0.0104	0.0000	0.0019	0.0000	0.0000	0.0000	0.0000	0.0000	0.0000	0.3422	0.0000	0.0000	0.0001	0.5627	0.0000	0.0000	0.0000	0.0000	0.0000	0.0000	0.0000	0.0000	0.0000	0.0000	0.0000	0.0000	0.0000	0.0000	
0.0387	0.0000	0.0000	0.0002	0.0008	0.0000	0.0293	0.0170	0.0041	0.0013	0.0339	0.0862	0.0000	0.1055	0.0000	0.2645	0.0016	0.0000	0.0093	0.0191	0.0620	0.0000	0.0001	0.0048	0.1957	0.0676	0.0133	0.0000	0.0120	0.0331	
0.0000	0.0031	0.0000	0.0001	0.0596	0.0000	0.0000	0.0000	0.0000	0.1028	0.0000	0.0000	0.0000	0.0573	0.1770	0.0000	0.0267	0.3192	0.0000	0.0000	0.0021	0.1314	0.0000	0.0000	0.0000	0.0019	0.0000	0.0005	0.1080	0.0103	

Emissions
0.0186	0.1419	0.0150	0.0001	0.2107	0.0000	0.0120	0.0000	0.0000	0.0000	0.5119	0.0203	0.0000	0.0000	0.0062	0.0000	0.0000	0.0065	0.0160	0.0408	
0.0000	0.3376	0.0000	0.0000	0.0000	0.5733	0.0003	0.0000	0.0087	0.0050	0.0001	0.0206	0.0002	0.0001	0.0000	0.0541	0.0000	0.0000	0.0000	0.0000	
0.0000	0.0000	0.0003	0.0000	0.0000	0.0098	0.0397	0.0000	0.9476	0.0008	0.0010	0.0004	0.0000	0.0000	0.0000	0.0000	0.0000	0.0000	0.0002	0.0003	
0.0000	0.0000	0.0000	0.0000	0.0001	0.0000	0.0033	0.0000	0.0000	0.0000	0.0000	0.0829	0.5746	0.0000	0.0000	0.3119	0.0000	0.0000	0.0081	0.0192	
0.0382	0.0000	0.0038	0.0000	0.0031	0.0000	0.0000	0.0133	0.5123	0.0000	0.0000	0.1228	0.0000	0.0395	0.0025	0.0000	0.0011	0.2628	0.0000	0.0004	
0.0000	0.0000	0.0000	0.0000	0.0000	0.1037	0.0000	0.0000	0.0002	0.0000	0.0046	0.0000	0.1760	0.0104	0.0315	0.0311	0.0000	0.0000	0.0000	0.6424	
0.3465	0.0000	0.0001	0.0163	0.0515	0.0492	0.0000	0.0000	0.0002	0.0005	0.0251	0.0384	0.0000	0.0164	0.0017	0.0097	0.0004	0.0006	0.0474	0.3961	
0.0020	0.0000	0.0000	0.0025	0.0001	0.0118	0.0062	0.0247	0.0003	0.0001	0.0524	0.0015	0.0000	0.0000	0.0000	0.0000	0.0000	0.0000	0.8984	0.0000	
0.0078	0.0170	0.0830	0.0034	0.7246	0.0000	0.0224	0.0000	0.0002	0.0085	0.0000	0.0893	0.0000	0.0003	0.0191	0.0001	0.0164	0.0000	0.0076	0.0003	
0.0001	0.0000	0.0000	0.0000	0.0000	0.0000	0.0146	0.0000	0.0189	0.0000	0.0254	0.0002	0.5049	0.0008	0.0007	0.1365	0.0000	0.2977	0.0000	0.0000	
0.0293	0.0000	0.1977	0.0000	0.0004	0.0000	0.0000	0.0000	0.0004	0.0054	0.0031	0.0067	0.0000	0.0000	0.0000	0.0000	0.0351	0.1182	0.6038	0.0000	
0.0000	0.0000	0.0000	0.0000	0.0000	0.0128	0.0000	0.0000	0.0476	0.0193	0.0000	0.0904	0.0000	0.0000	0.8296	0.0000	0.0000	0.0000	0.0000	0.0003	
0.0000	0.0000	0.0000	0.0000	0.0001	0.0000	0.0489	0.0000	0.0000	0.9334	0.0004	0.0052	0.0005	0.0000	0.0096	0.0000	0.0000	0.0000	0.0014	0.0005	
0.0333	0.0000	0.0001	0.0000	0.0000	0.0018	0.9212	0.0026	0.0000	0.0000	0.0217	0.0009	0.0181	0.0003	0.0000	0.0000	0.0000	0.0000	0.0000	0.0000	
0.0003	0.0295	0.0004	0.0000	0.0413	0.2430	0.0033	0.0104	0.4693	0.0000	0.0000	0.0061	0.0164	0.0000	0.0000	0.0000	0.0022	0.1779	0.0000	0.0000	
0.0000	0.0000	0.0000	0.0077	0.0000	0.0025	0.0000	0.0000	0.0000	0.0036	0.0001	0.0001	0.0000	0.0000	0.0002	0.0000	0.9857	0.0000	0.0000	0.0000	
0.0000	0.0000	0.0000	0.0000	0.0013	0.0000	0.0000	0.0006	0.0000	0.0000	0.0029	0.3351	0.0085	0.0001	0.6466	0.0000	0.0000	0.0000	0.0000	0.0048	
0.0033	0.0003	0.0180	0.0000	0.0000	0.3601	0.4573	0.0001	0.0002	0.0000	0.0011	0.0384	0.0000	0.0000	0.0000	0.0000	0.0000	0.1212	0.0000	0.0000	
0.0084	0.0762	0.0150	0.0191	0.0156	0.0088	0.0001	0.0007	0.0002	0.0000	0.0362	0.3431	0.0000	0.0577	0.1292	0.1409	0.0000	0.1484	0.0000	0.0003	
0.0005	0.0000	0.0000	0.8867	0.0000	0.0068	0.0579	0.0000	0.0000	0.0000	0.0072	0.0236	0.0000	0.0000	0.0171	0.0000	0.0000	0.0000	0.0001	0.0000	
0.6177	0.0000	0.0076	0.0000	0.0004	0.1747	0.0000	0.0000	0.0048	0.0000	0.0003	0.0000	0.0000	0.0000	0.0052	0.0315	0.0000	0.1546	0.0002	0.0030	
0.0000	0.2085	0.1118	0.0115	0.0007	0.4959	0.0001	0.0000	0.0000	0.0000	0.0879	0.0006	0.0006	0.0000	0.0001	0.0222	0.0001	0.0000	0.0344	0.0256	
0.0000	0.0005	0.0157	0.0045	0.0044	0.1442	0.0032	0.0000	0.0000	0.0000	0.0000	0.0003	0.0000	0.3596	0.0087	0.0703	0.0074	0.0000	0.0124	0.3687	
0.0000	0.0222	0.0460	0.0000	0.3466	0.0000	0.0296	0.0000	0.0000	0.0000	0.0000	0.0206	0.0000	0.0000	0.0006	0.5342	0.0000	0.0000	0.0000	0.0001	
0.0000	0.0020	0.0000	0.0340	0.0115	0.0000	0.0000	0.7714	0.0000	0.0000	0.0827	0.0000	0.0000	0.0000	0.0000	0.0000	0.0000	0.0028	0.0000	0.0956	
0.0000	0.8834	0.0001	0.0000	0.0265	0.0000	0.0000	0.0000	0.0222	0.0000	0.0003	0.0004	0.0228	0.0000	0.0001	0.0145	0.0062	0.0235	0.0000	0.0000	
0.0042	0.0000	0.0000	0.0000	0.0000	0.0019	0.0008	0.0464	0.0003	0.0063	0.0963	0.0002	0.0013	0.8037	0.0347	0.0000	0.0009	0.0024	0.0000	0.0005	
0.0000	0.0000	0.0000	0.0001	0.0000	0.0000	0.0000	0.0000	0.0000	0.9075	0.0822	0.0000	0.0000	0.0000	0.0102	0.0000	0.0000	0.0000	0.0000	0.0000	
0.0000	0.0000	0.8741	0.0290	0.0000	0.0822	0.0030	0.0000	0.0000	0.0000	0.0002	0.0014	0.0005	0.0000	0.0040	0.0000	0.0000	0.0044	0.0012	0.0000	
0.0000	0.0000	0.0000	0.0000	0.0000	0.0000	0.0000	0.0000	0.0000	0.0000	0.9890	0.0000	0.0000	0.0063	0.0009	0.0000	0.0000	0.0025	0.0014	0.0000	
