DataSet 23
Learner: Baum Welch Learner
Log Likelihood: 53377.8372870874

Number of States: 20
Number of Symbols: 7
Threshold: 0.01

Initial Distribution:
0.3345	0.0000	0.0000	0.0254	0.0000	0.0000	0.0000	0.0000	0.3515	0.0000	0.0000	0.1473	0.0000	0.0510	0.0000	0.0000	0.0000	0.0000	0.0904	0.0000	

Transitions:
0.0000	0.0012	0.6298	0.0000	0.0000	0.1075	0.0204	0.0000	0.0020	0.0000	0.0643	0.0014	0.0000	0.0000	0.0004	0.0000	0.0004	0.0184	0.0200	0.1340	
0.0488	0.0930	0.0008	0.2795	0.0012	0.0002	0.0010	0.0025	0.0009	0.0096	0.0015	0.0000	0.2052	0.1372	0.0338	0.0780	0.0016	0.0513	0.0010	0.0529	
0.3055	0.0000	0.0000	0.0006	0.0029	0.0116	0.0752	0.0024	0.0045	0.1175	0.0091	0.0297	0.3639	0.0633	0.0002	0.0060	0.0016	0.0002	0.0057	0.0000	
0.0006	0.1915	0.0037	0.1777	0.0000	0.0000	0.1036	0.0000	0.0000	0.0049	0.0000	0.0003	0.0117	0.0254	0.0132	0.1250	0.0018	0.3276	0.0129	0.0002	
0.0008	0.0069	0.0021	0.0358	0.0292	0.0102	0.0241	0.4549	0.0056	0.0535	0.0022	0.0144	0.0020	0.0000	0.0034	0.0047	0.3497	0.0001	0.0000	0.0003	
0.0005	0.0092	0.0217	0.0072	0.6936	0.0002	0.0004	0.0595	0.0171	0.0005	0.0066	0.0000	0.0050	0.0261	0.0001	0.0027	0.0000	0.1493	0.0002	0.0000	
0.0000	0.0546	0.0003	0.0000	0.0167	0.0009	0.0000	0.0045	0.0067	0.0000	0.3588	0.0000	0.1234	0.0000	0.0165	0.4083	0.0000	0.0092	0.0000	0.0001	
0.0000	0.0540	0.0365	0.0086	0.0601	0.0002	0.0000	0.2081	0.0000	0.0774	0.0013	0.0037	0.2238	0.0000	0.0000	0.0000	0.1865	0.1396	0.0000	0.0000	
0.0000	0.0001	0.0295	0.0000	0.0000	0.0927	0.0002	0.0000	0.0000	0.0000	0.3192	0.4620	0.0000	0.0000	0.0001	0.0000	0.0040	0.0006	0.0000	0.0916	
0.0017	0.1440	0.2454	0.2376	0.0004	0.0008	0.0675	0.0000	0.0458	0.0252	0.0004	0.0002	0.0002	0.0519	0.0641	0.0000	0.0222	0.0083	0.0810	0.0034	
0.1875	0.0005	0.0016	0.0006	0.0665	0.0000	0.0008	0.0110	0.1823	0.0000	0.0006	0.0000	0.0103	0.0238	0.0000	0.0001	0.0000	0.4851	0.0291	0.0000	
0.0000	0.0525	0.0003	0.0291	0.6428	0.0000	0.0000	0.0638	0.0000	0.0046	0.0295	0.0001	0.0005	0.0906	0.0067	0.0062	0.0698	0.0035	0.0000	0.0000	
0.0000	0.0067	0.0212	0.0005	0.0001	0.0000	0.0233	0.0000	0.0001	0.0008	0.0157	0.0000	0.1772	0.0007	0.0008	0.0000	0.0001	0.0532	0.0020	0.6975	
0.0000	0.0023	0.0078	0.0307	0.0001	0.0000	0.0008	0.0000	0.0000	0.0000	0.0000	0.0000	0.0000	0.4091	0.0505	0.4171	0.0000	0.0021	0.0002	0.0791	
0.0008	0.0971	0.0009	0.1081	0.0217	0.0016	0.1147	0.0026	0.0025	0.0006	0.0280	0.0001	0.0017	0.0982	0.0816	0.3048	0.0030	0.0227	0.0239	0.0853	
0.0846	0.0001	0.0000	0.0001	0.6013	0.0002	0.0001	0.0127	0.0889	0.0058	0.0075	0.0000	0.0000	0.0000	0.0790	0.0281	0.0000	0.0000	0.0101	0.0814	
0.0002	0.0171	0.2622	0.0769	0.0000	0.0042	0.0067	0.0000	0.0033	0.1985	0.0013	0.0080	0.3249	0.0006	0.0002	0.0000	0.0019	0.0928	0.0004	0.0007	
0.2644	0.0001	0.0000	0.0001	0.0006	0.0000	0.1318	0.0000	0.0055	0.0550	0.0000	0.0000	0.1671	0.0007	0.2496	0.0017	0.0001	0.0013	0.0039	0.1182	
0.0000	0.0374	0.0103	0.0000	0.0000	0.0334	0.0002	0.0000	0.0000	0.0000	0.8556	0.0232	0.0001	0.0000	0.0056	0.0000	0.0001	0.0138	0.0000	0.0202	
0.0000	0.0109	0.0000	0.0021	0.0001	0.0451	0.6905	0.0000	0.0005	0.0010	0.0034	0.0284	0.0014	0.0352	0.0020	0.0147	0.0000	0.0000	0.1645	0.0001	

Emissions
0.6810	0.0000	0.0038	0.0000	0.3121	0.0031	0.0000	
0.0000	0.0104	0.0791	0.0280	0.0003	0.0007	0.8815	
0.0000	0.0017	0.0136	0.1179	0.0000	0.0775	0.7893	
0.0017	0.0112	0.0339	0.0004	0.0154	0.8884	0.0490	
0.9989	0.0001	0.0006	0.0000	0.0000	0.0000	0.0005	
0.0000	0.0001	0.6990	0.0002	0.0000	0.0001	0.3004	
0.0000	0.0058	0.3055	0.0000	0.6870	0.0000	0.0017	
0.9839	0.0000	0.0066	0.0073	0.0000	0.0008	0.0013	
0.7369	0.0000	0.0490	0.0000	0.2110	0.0032	0.0000	
0.1211	0.1180	0.1302	0.3478	0.2506	0.0264	0.0060	
0.0000	0.0197	0.9395	0.0000	0.0000	0.0000	0.0408	
0.0000	0.0000	0.9988	0.0000	0.0000	0.0012	0.0000	
0.0048	0.0001	0.8153	0.0018	0.0000	0.0004	0.1775	
0.0073	0.0001	0.0323	0.0000	0.0011	0.9563	0.0029	
0.1703	0.7361	0.0545	0.0011	0.0000	0.0001	0.0379	
0.2885	0.5862	0.0007	0.1204	0.0000	0.0005	0.0036	
0.0001	0.0803	0.2250	0.0186	0.0000	0.6665	0.0093	
0.0016	0.0000	0.1523	0.0000	0.0002	0.0018	0.8441	
0.0130	0.0000	0.4097	0.0000	0.5773	0.0000	0.0000	
0.0126	0.7860	0.0960	0.1015	0.0038	0.0001	0.0000	
