DataSet 23
Learner: Baum Welch Learner
Log Likelihood: 50844.4904329991

Number of States: 40
Number of Symbols: 7
Threshold: 0.01

Initial Distribution:
0.0590	0.0000	0.0000	0.0000	0.0000	0.0000	0.0174	0.0000	0.0000	0.0000	0.0000	0.0000	0.0000	0.0000	0.0000	0.0000	0.0000	0.0000	0.0000	0.0000	0.0000	0.0000	0.0032	0.0012	0.0000	0.0000	0.0000	0.0000	0.0000	0.0000	0.0000	0.7080	0.0000	0.2112	0.0000	0.0000	0.0000	0.0000	0.0000	0.0000	

Transitions:
0.3698	0.0004	0.0000	0.0030	0.1323	0.0593	0.0000	0.2625	0.0004	0.0076	0.0000	0.0000	0.0000	0.0000	0.0000	0.0295	0.1015	0.0000	0.0000	0.0000	0.0000	0.0000	0.0003	0.0000	0.0026	0.0000	0.0000	0.0000	0.0000	0.0001	0.0000	0.0000	0.0001	0.0000	0.0000	0.0300	0.0004	0.0000	0.0000	0.0000	
0.0000	0.0000	0.0016	0.0013	0.0030	0.0827	0.0000	0.0046	0.0959	0.0000	0.0000	0.0000	0.0000	0.0000	0.0000	0.0000	0.0002	0.0000	0.0480	0.3463	0.0000	0.0964	0.0001	0.0368	0.0000	0.0000	0.1082	0.1483	0.0218	0.0003	0.0000	0.0000	0.0000	0.0006	0.0013	0.0000	0.0000	0.0000	0.0001	0.0023	
0.0486	0.0000	0.0000	0.0016	0.0001	0.0032	0.0001	0.0002	0.0006	0.0631	0.0000	0.0000	0.0187	0.4239	0.0346	0.2375	0.0185	0.0005	0.0378	0.0000	0.0046	0.0010	0.0000	0.0000	0.0743	0.0003	0.0000	0.0016	0.0000	0.0211	0.0000	0.0000	0.0000	0.0016	0.0000	0.0000	0.0000	0.0051	0.0000	0.0014	
0.0058	0.0001	0.0000	0.0007	0.0000	0.0001	0.0020	0.0001	0.0001	0.0003	0.3251	0.0000	0.0002	0.0004	0.0012	0.0032	0.0763	0.0001	0.2057	0.0000	0.0000	0.0015	0.0000	0.0000	0.0240	0.0016	0.0216	0.0000	0.0000	0.0675	0.0000	0.0000	0.0000	0.0000	0.0000	0.0311	0.0005	0.2252	0.0000	0.0054	
0.0000	0.0000	0.0007	0.0000	0.0018	0.0000	0.0000	0.0338	0.0000	0.0397	0.0000	0.0000	0.0008	0.2802	0.3377	0.0000	0.0000	0.0001	0.0000	0.0000	0.0101	0.0170	0.0000	0.0000	0.0000	0.0181	0.2285	0.0000	0.0027	0.0104	0.0003	0.0174	0.0000	0.0000	0.0000	0.0001	0.0000	0.0001	0.0003	0.0000	
0.3618	0.0000	0.0000	0.0108	0.1685	0.0213	0.0101	0.0351	0.0000	0.0000	0.0000	0.0000	0.0038	0.0000	0.0000	0.0021	0.0104	0.0000	0.0069	0.0000	0.0030	0.0001	0.0032	0.0000	0.2681	0.0000	0.0146	0.0001	0.0068	0.0079	0.0605	0.0009	0.0000	0.0000	0.0006	0.0018	0.0001	0.0000	0.0000	0.0014	
0.0001	0.1715	0.0141	0.0011	0.0005	0.0270	0.0009	0.0003	0.0194	0.0007	0.0005	0.0000	0.0000	0.0000	0.0000	0.0773	0.0683	0.0000	0.3101	0.0000	0.0023	0.0001	0.0000	0.0000	0.1215	0.0000	0.0000	0.0000	0.0000	0.1082	0.0023	0.0000	0.0646	0.0034	0.0000	0.0004	0.0019	0.0001	0.0031	0.0000	
0.0000	0.0000	0.0000	0.0000	0.2178	0.0013	0.0000	0.0017	0.0052	0.0282	0.0005	0.0000	0.0001	0.0221	0.0189	0.0000	0.0000	0.0004	0.0000	0.0352	0.0020	0.0000	0.0117	0.0436	0.0000	0.0024	0.0745	0.0008	0.0013	0.0000	0.0284	0.5028	0.0000	0.0000	0.0000	0.0001	0.0009	0.0001	0.0000	0.0000	
0.4933	0.0000	0.0078	0.0150	0.0064	0.1410	0.0018	0.0147	0.0017	0.0204	0.0000	0.0000	0.0660	0.0066	0.0057	0.0009	0.0558	0.0110	0.0015	0.0000	0.0030	0.0038	0.0013	0.0000	0.0549	0.0017	0.0005	0.0001	0.0174	0.0373	0.0023	0.0082	0.0000	0.0084	0.0007	0.0037	0.0009	0.0000	0.0046	0.0019	
0.0000	0.0001	0.0023	0.0000	0.0016	0.0000	0.0095	0.0015	0.0000	0.0965	0.0012	0.0184	0.0001	0.2820	0.2883	0.0000	0.0000	0.1636	0.0000	0.0000	0.0047	0.0001	0.0000	0.0000	0.0000	0.0709	0.0331	0.0000	0.0115	0.0000	0.0012	0.0001	0.0000	0.0001	0.0000	0.0015	0.0003	0.0103	0.0012	0.0000	
0.2781	0.0000	0.1487	0.0032	0.0000	0.0000	0.0000	0.0000	0.0000	0.0000	0.0000	0.0000	0.0000	0.0000	0.0000	0.0000	0.0000	0.0000	0.0000	0.2001	0.0000	0.0224	0.0000	0.0003	0.0000	0.0000	0.0000	0.1667	0.0035	0.0000	0.0000	0.0000	0.0000	0.0333	0.0000	0.0000	0.0000	0.0000	0.1438	0.0000	
0.0000	0.9254	0.0001	0.0000	0.0000	0.0001	0.0000	0.0032	0.0000	0.0005	0.0019	0.0000	0.0000	0.0000	0.0000	0.0001	0.0001	0.0000	0.0002	0.0349	0.0001	0.0000	0.0000	0.0061	0.0001	0.0000	0.0124	0.0011	0.0000	0.0001	0.0050	0.0042	0.0000	0.0000	0.0002	0.0036	0.0001	0.0003	0.0001	0.0000	
0.1340	0.0000	0.0015	0.0001	0.3384	0.0001	0.0573	0.0790	0.0027	0.0174	0.0037	0.0029	0.0051	0.0228	0.0433	0.0002	0.0014	0.0388	0.0000	0.0000	0.0000	0.0001	0.0041	0.0000	0.0038	0.0850	0.0771	0.0000	0.0000	0.0000	0.0032	0.0002	0.0010	0.0000	0.0071	0.0230	0.0172	0.0208	0.0088	0.0000	
0.0009	0.0000	0.0004	0.0000	0.0005	0.0028	0.3284	0.0000	0.0143	0.0183	0.0009	0.1721	0.0001	0.0473	0.0135	0.0000	0.0000	0.3091	0.0000	0.0003	0.0004	0.0037	0.0000	0.0000	0.0000	0.0466	0.0000	0.0000	0.0196	0.0000	0.0000	0.0000	0.0000	0.0010	0.0001	0.0000	0.0082	0.0074	0.0040	0.0000	
0.0021	0.0017	0.0003	0.0009	0.0000	0.0027	0.2231	0.0000	0.0027	0.0191	0.0001	0.1260	0.0000	0.0772	0.1220	0.0000	0.0000	0.2689	0.0002	0.0024	0.0035	0.0009	0.0000	0.0005	0.0000	0.0346	0.0000	0.0089	0.0785	0.0001	0.0009	0.0001	0.0001	0.0030	0.0004	0.0000	0.0112	0.0042	0.0027	0.0007	
0.0001	0.0000	0.0000	0.1227	0.0190	0.0013	0.0000	0.0078	0.0000	0.0000	0.0000	0.0029	0.0005	0.0000	0.0000	0.0000	0.0000	0.0028	0.0441	0.2679	0.0351	0.0036	0.0628	0.0736	0.0243	0.0000	0.0786	0.0022	0.0016	0.0004	0.1354	0.0345	0.0124	0.0000	0.0192	0.0000	0.0000	0.0000	0.0000	0.0472	
0.0000	0.0000	0.0000	0.0698	0.0007	0.0000	0.0000	0.0038	0.0000	0.0000	0.0000	0.0031	0.0002	0.0000	0.0000	0.0000	0.0000	0.0019	0.2082	0.0000	0.0414	0.0000	0.2571	0.0000	0.0011	0.0001	0.0000	0.0039	0.0101	0.0028	0.2045	0.0017	0.0001	0.0000	0.0684	0.0000	0.0000	0.0000	0.0000	0.1209	
0.0000	0.0239	0.0001	0.0005	0.0000	0.0040	0.0629	0.0000	0.0274	0.0112	0.0001	0.0387	0.0000	0.0140	0.0246	0.0685	0.0409	0.0221	0.3039	0.0005	0.0009	0.0020	0.0000	0.0030	0.1162	0.0145	0.0000	0.0000	0.0012	0.0619	0.0001	0.0000	0.0501	0.0000	0.0002	0.0000	0.0862	0.0191	0.0002	0.0011	
0.0000	0.0000	0.0000	0.0134	0.0000	0.0000	0.0000	0.0001	0.0000	0.0000	0.0005	0.0000	0.0000	0.0000	0.0000	0.0001	0.0002	0.0000	0.1859	0.0002	0.0000	0.0003	0.0000	0.0000	0.0015	0.0000	0.1698	0.0000	0.0000	0.0092	0.0000	0.0000	0.0000	0.0000	0.0000	0.6174	0.0000	0.0001	0.0000	0.0011	
0.0000	0.0000	0.0002	0.0002	0.3330	0.0062	0.0000	0.0000	0.0328	0.0606	0.0000	0.0000	0.0000	0.0014	0.0120	0.0002	0.0004	0.0000	0.0935	0.0000	0.0003	0.0492	0.0000	0.0000	0.0071	0.0001	0.0000	0.0000	0.0000	0.0097	0.0000	0.0000	0.0000	0.0001	0.0000	0.0000	0.0002	0.3898	0.0010	0.0020	
0.0003	0.0000	0.0000	0.0000	0.0000	0.0004	0.0103	0.0034	0.0004	0.0024	0.0103	0.0001	0.0000	0.0023	0.0012	0.0043	0.0112	0.0017	0.0000	0.0115	0.0006	0.0000	0.0002	0.0073	0.0046	0.0049	0.0022	0.0001	0.0010	0.0017	0.0001	0.0005	0.0000	0.0000	0.0000	0.0028	0.0046	0.9093	0.0001	0.0000	
0.2360	0.0000	0.0000	0.0002	0.0000	0.0533	0.0156	0.0000	0.0025	0.0000	0.0000	0.0000	0.0000	0.0000	0.0000	0.1323	0.0115	0.0000	0.0019	0.0223	0.0067	0.0000	0.0000	0.0052	0.4901	0.0000	0.0001	0.0011	0.0000	0.0163	0.0023	0.0023	0.0000	0.0000	0.0000	0.0001	0.0000	0.0000	0.0000	0.0001	
0.0000	0.0000	0.0006	0.0000	0.0000	0.0000	0.0000	0.0000	0.0001	0.0013	0.0000	0.0000	0.0000	0.0000	0.0000	0.0035	0.7885	0.0000	0.0000	0.0000	0.0000	0.0079	0.0016	0.0049	0.0509	0.0000	0.0001	0.0001	0.0000	0.0003	0.0000	0.1376	0.0000	0.0023	0.0000	0.0000	0.0001	0.0000	0.0001	0.0001	
0.0000	0.0000	0.2433	0.0001	0.0001	0.0005	0.0000	0.0000	0.0157	0.0019	0.0004	0.0000	0.0000	0.0000	0.0000	0.0011	0.0024	0.0000	0.0016	0.0000	0.0042	0.1759	0.0000	0.0000	0.0032	0.0000	0.0022	0.0000	0.0000	0.0027	0.0000	0.0000	0.0000	0.3993	0.0000	0.0000	0.0001	0.0478	0.0953	0.0022	
0.0000	0.0000	0.0000	0.0407	0.0124	0.0000	0.0000	0.0146	0.0000	0.0000	0.0000	0.0008	0.0040	0.0000	0.0000	0.0000	0.0000	0.0002	0.1028	0.0009	0.0018	0.0000	0.1033	0.0013	0.0001	0.0000	0.5139	0.0018	0.0080	0.0000	0.1646	0.0018	0.0001	0.0001	0.0166	0.0000	0.0000	0.0000	0.0001	0.0099	
0.0000	0.0049	0.0001	0.0064	0.0000	0.0017	0.3044	0.0000	0.0007	0.0205	0.0000	0.0932	0.0002	0.0803	0.0037	0.0002	0.0020	0.1968	0.1368	0.0004	0.0112	0.0004	0.0000	0.0001	0.0012	0.0661	0.0000	0.0006	0.0248	0.0043	0.0021	0.0007	0.0193	0.0000	0.0012	0.0000	0.0093	0.0055	0.0000	0.0010	
0.1121	0.0002	0.0112	0.0001	0.1593	0.0217	0.0001	0.0076	0.0501	0.0071	0.0000	0.0000	0.0000	0.0013	0.0019	0.0000	0.0000	0.0000	0.0000	0.3357	0.0048	0.0358	0.0000	0.0039	0.0000	0.0000	0.0246	0.1591	0.0022	0.0000	0.0000	0.0000	0.0000	0.0303	0.0007	0.0000	0.0000	0.0000	0.0302	0.0000	
0.0000	0.0000	0.0003	0.0001	0.2400	0.0106	0.0000	0.0000	0.0474	0.0167	0.0000	0.0000	0.0001	0.0048	0.0164	0.0004	0.0100	0.0000	0.0764	0.0000	0.0021	0.0199	0.0000	0.0000	0.0110	0.0027	0.0001	0.0001	0.0000	0.0007	0.0000	0.0000	0.0000	0.0000	0.0000	0.0000	0.0002	0.5209	0.0005	0.0187	
0.0749	0.0001	0.0085	0.0042	0.0773	0.0124	0.0335	0.0012	0.0177	0.0009	0.0000	0.0000	0.0000	0.0000	0.0002	0.1806	0.2795	0.0000	0.0054	0.0000	0.0001	0.0177	0.0000	0.0000	0.1591	0.0000	0.0000	0.0000	0.0080	0.0658	0.0000	0.0000	0.0343	0.0019	0.0003	0.0000	0.0049	0.0000	0.0102	0.0013	
0.0059	0.0000	0.0000	0.0992	0.0001	0.0031	0.0000	0.0004	0.0000	0.0000	0.0000	0.0000	0.0073	0.0000	0.0000	0.0005	0.0002	0.0011	0.4045	0.2230	0.0005	0.0008	0.0019	0.0064	0.0541	0.0001	0.0887	0.0231	0.0000	0.0355	0.0198	0.0017	0.0000	0.0000	0.0000	0.0214	0.0000	0.0000	0.0000	0.0004	
0.0557	0.0024	0.0000	0.0000	0.0010	0.0012	0.0066	0.0002	0.0001	0.0000	0.4000	0.0000	0.0000	0.0000	0.0000	0.0018	0.3137	0.0000	0.0000	0.0043	0.0000	0.0000	0.0004	0.0054	0.0296	0.0000	0.0251	0.0000	0.0001	0.0005	0.0000	0.0204	0.0000	0.0000	0.0000	0.0002	0.0057	0.1255	0.0000	0.0000	
0.0000	0.0000	0.4966	0.0000	0.0000	0.0001	0.0000	0.0001	0.0038	0.0000	0.0561	0.0000	0.0000	0.0000	0.0000	0.0046	0.2762	0.0000	0.0000	0.0104	0.0000	0.0041	0.0007	0.0000	0.0018	0.0000	0.0011	0.0069	0.0000	0.0008	0.0000	0.0000	0.0000	0.0010	0.0000	0.0865	0.0000	0.0000	0.0491	0.0000	
0.7104	0.0000	0.0000	0.0000	0.0020	0.0608	0.0855	0.0000	0.0127	0.0278	0.0508	0.0436	0.0034	0.0000	0.0000	0.0001	0.0003	0.0000	0.0000	0.0000	0.0000	0.0000	0.0000	0.0000	0.0002	0.0000	0.0000	0.0000	0.0001	0.0001	0.0000	0.0000	0.0000	0.0001	0.0000	0.0000	0.0008	0.0011	0.0000	0.0000	
0.0583	0.0159	0.0000	0.0000	0.0006	0.0241	0.0529	0.0230	0.0055	0.0030	0.0002	0.0000	0.0017	0.0174	0.2592	0.0116	0.0000	0.0370	0.0000	0.0000	0.0032	0.3456	0.0000	0.0000	0.0002	0.1363	0.0000	0.0000	0.0008	0.0034	0.0000	0.0000	0.0000	0.0000	0.0000	0.0000	0.0002	0.0000	0.0000	0.0000	
0.0017	0.0021	0.0000	0.0000	0.0000	0.0026	0.0071	0.0003	0.0002	0.0002	0.0000	0.0000	0.0000	0.0001	0.0000	0.0055	0.7681	0.0001	0.0000	0.0000	0.0000	0.0000	0.0000	0.0640	0.0437	0.0003	0.0002	0.0000	0.0000	0.0000	0.0001	0.1029	0.0000	0.0000	0.0000	0.0000	0.0006	0.0000	0.0000	0.0000	
0.0000	0.0099	0.0004	0.0003	0.0004	0.0031	0.0000	0.0000	0.0006	0.0000	0.0000	0.0000	0.0000	0.0000	0.0000	0.0000	0.0000	0.0000	0.0000	0.5540	0.0000	0.0001	0.0000	0.0034	0.0000	0.0000	0.0000	0.4219	0.0000	0.0000	0.0000	0.0000	0.0000	0.0017	0.0007	0.0000	0.0000	0.0000	0.0035	0.0000	
0.0823	0.0006	0.0009	0.0455	0.0126	0.2377	0.1256	0.0019	0.0048	0.0000	0.0004	0.0007	0.0001	0.0000	0.0000	0.0000	0.0000	0.0051	0.0917	0.0013	0.0271	0.0021	0.0077	0.0228	0.0000	0.0000	0.0001	0.0061	0.0793	0.0008	0.2063	0.0001	0.0174	0.0003	0.0035	0.0001	0.0004	0.0000	0.0002	0.0144	
0.0000	0.0000	0.0014	0.0009	0.0088	0.0014	0.0000	0.0002	0.0001	0.0038	0.0000	0.0000	0.0000	0.0000	0.0001	0.0006	0.0000	0.0005	0.0050	0.0004	0.0000	0.0132	0.0285	0.0046	0.2254	0.0000	0.0198	0.0016	0.0000	0.0092	0.0004	0.6662	0.0000	0.0000	0.0000	0.0072	0.0000	0.0000	0.0003	0.0003	
0.0484	0.0000	0.0000	0.0019	0.0011	0.0164	0.0000	0.0003	0.0010	0.0670	0.0000	0.0000	0.0067	0.4951	0.1454	0.0396	0.0193	0.0022	0.0140	0.0000	0.0016	0.0004	0.0000	0.0000	0.0910	0.0127	0.0000	0.0131	0.0000	0.0049	0.0000	0.0004	0.0000	0.0009	0.0000	0.0000	0.0000	0.0157	0.0000	0.0007	
0.0000	0.0000	0.0001	0.0002	0.0000	0.0004	0.0000	0.0002	0.0000	0.0000	0.1867	0.0000	0.0000	0.0001	0.0001	0.0117	0.0263	0.0006	0.0109	0.0011	0.0075	0.0205	0.0000	0.0000	0.1512	0.0000	0.0446	0.0000	0.0000	0.0146	0.0000	0.0001	0.0000	0.0000	0.0000	0.4561	0.0003	0.0643	0.0000	0.0024	

Emissions
0.0000	0.0000	0.0016	0.0000	0.0000	0.9983	0.0000	
0.0722	0.0032	0.0243	0.4917	0.0039	0.4034	0.0012	
0.0000	0.0000	0.9309	0.0000	0.0000	0.0001	0.0690	
0.0004	0.0000	0.9985	0.0000	0.0005	0.0000	0.0006	
0.1305	0.6836	0.0011	0.1771	0.0000	0.0000	0.0077	
0.0000	0.0004	0.0084	0.0000	0.0000	0.0328	0.9584	
0.0190	0.0459	0.0083	0.0000	0.0000	0.9267	0.0001	
0.4469	0.5457	0.0049	0.0000	0.0000	0.0000	0.0024	
0.0000	0.0091	0.0351	0.0000	0.0000	0.0000	0.9558	
0.9902	0.0009	0.0054	0.0006	0.0000	0.0000	0.0029	
0.0000	0.1999	0.0005	0.7440	0.0000	0.0155	0.0401	
0.0034	0.0000	0.7295	0.2499	0.0000	0.0172	0.0000	
0.5777	0.0121	0.2232	0.0000	0.0000	0.1809	0.0061	
0.9997	0.0000	0.0003	0.0000	0.0000	0.0000	0.0000	
0.9985	0.0002	0.0001	0.0000	0.0000	0.0000	0.0012	
0.0001	0.0001	0.2645	0.0000	0.0000	0.0006	0.7347	
0.0000	0.0000	0.0004	0.0000	0.0000	0.0826	0.9169	
0.9908	0.0006	0.0022	0.0000	0.0000	0.0064	0.0000	
0.0009	0.0000	0.7760	0.0000	0.0000	0.0013	0.2218	
0.0000	0.0052	0.0657	0.0000	0.9290	0.0000	0.0000	
0.9376	0.0001	0.0622	0.0000	0.0000	0.0000	0.0001	
0.0000	0.1219	0.8227	0.0000	0.0000	0.0000	0.0554	
0.3398	0.0000	0.0116	0.0000	0.6487	0.0000	0.0000	
0.0095	0.0004	0.0041	0.0000	0.9860	0.0000	0.0000	
0.0000	0.0000	0.0086	0.0000	0.0001	0.0015	0.9898	
0.9929	0.0038	0.0003	0.0000	0.0000	0.0000	0.0030	
0.1430	0.7099	0.1443	0.0000	0.0027	0.0000	0.0000	
0.0000	0.0000	0.7179	0.0000	0.2821	0.0000	0.0000	
0.0807	0.5591	0.0067	0.0011	0.0000	0.3159	0.0364	
0.0000	0.0001	0.6355	0.0000	0.0000	0.0010	0.3633	
0.8642	0.0075	0.1277	0.0000	0.0005	0.0000	0.0000	
0.6867	0.0000	0.0000	0.0000	0.3133	0.0000	0.0000	
0.0130	0.0123	0.0273	0.0000	0.9045	0.0007	0.0422	
0.0000	0.0000	0.9993	0.0000	0.0000	0.0007	0.0000	
0.0297	0.3239	0.0924	0.5481	0.0011	0.0042	0.0006	
0.0002	0.9224	0.0721	0.0025	0.0026	0.0000	0.0001	
0.1258	0.0002	0.0090	0.0504	0.0003	0.1462	0.6681	
0.0000	0.0678	0.9318	0.0000	0.0000	0.0000	0.0004	
0.0000	0.0000	0.9293	0.0000	0.0000	0.0001	0.0706	
0.0188	0.0012	0.9443	0.0000	0.0000	0.0000	0.0356	
