DataSet 23
Learner: Baum Welch Learner
Log Likelihood: 56274.6601622921

Number of States: 10
Number of Symbols: 7
Threshold: 0.01

Initial Distribution:
0.0000	0.0000	0.0000	0.0000	0.0000	0.0170	0.1145	0.0002	0.8682	0.0000	

Transitions:
0.0001	0.0372	0.0017	0.0180	0.0162	0.0149	0.1011	0.8095	0.0006	0.0008	
0.0258	0.3592	0.0003	0.0546	0.0903	0.0537	0.0171	0.0363	0.0168	0.3459	
0.5847	0.0013	0.2325	0.0001	0.0000	0.0003	0.0000	0.1345	0.0464	0.0000	
0.0000	0.0173	0.4020	0.0006	0.3594	0.0268	0.0002	0.0022	0.0997	0.0919	
0.0078	0.2085	0.1178	0.0562	0.0002	0.3239	0.0065	0.1010	0.1723	0.0058	
0.0318	0.1258	0.2790	0.0149	0.5399	0.0016	0.0047	0.0005	0.0005	0.0014	
0.0060	0.0006	0.0134	0.0087	0.0536	0.0110	0.0001	0.0329	0.1360	0.7377	
0.0094	0.0885	0.1517	0.2087	0.0163	0.0047	0.5145	0.0000	0.0000	0.0062	
0.1036	0.0000	0.0000	0.3901	0.2393	0.0005	0.2556	0.0107	0.0001	0.0000	
0.0100	0.0016	0.0349	0.1071	0.0488	0.4259	0.0490	0.0125	0.0085	0.3015	

Emissions
0.0238	0.8418	0.0244	0.1042	0.0057	0.0000	0.0000	
0.1121	0.5154	0.0008	0.0632	0.0980	0.2052	0.0053	
0.0233	0.0116	0.6328	0.0010	0.0003	0.0022	0.3289	
0.0011	0.0286	0.6304	0.0016	0.0000	0.0459	0.2924	
0.0053	0.0010	0.0005	0.0951	0.0018	0.2073	0.6890	
0.2934	0.0415	0.1472	0.0536	0.0477	0.4156	0.0011	
0.0613	0.1321	0.7367	0.0374	0.0000	0.0000	0.0326	
0.0001	0.0054	0.2954	0.0000	0.6956	0.0005	0.0030	
0.5481	0.0000	0.1080	0.0000	0.2746	0.0693	0.0000	
0.9591	0.0000	0.0283	0.0000	0.0040	0.0083	0.0003	
