DataSet 23
Learner: Baum Welch Learner
Log Likelihood: 51098.2695978947

Number of States: 30
Number of Symbols: 7
Threshold: 0.01

Initial Distribution:
0.0000	0.0000	0.7134	0.0004	0.0001	0.0000	0.0000	0.0000	0.0812	0.0000	0.0000	0.0000	0.0000	0.0000	0.1361	0.0000	0.0000	0.0000	0.0001	0.0000	0.0556	0.0132	0.0000	0.0000	0.0000	0.0000	0.0000	0.0000	0.0000	0.0000	

Transitions:
0.0012	0.0004	0.0000	0.0000	0.0306	0.0000	0.0769	0.0416	0.0002	0.0000	0.0000	0.0001	0.0000	0.0004	0.0010	0.0000	0.0000	0.0000	0.0000	0.0001	0.2718	0.0006	0.3072	0.0057	0.0242	0.0001	0.1470	0.0242	0.0062	0.0605	
0.0000	0.0000	0.0000	0.0000	0.0137	0.0000	0.0033	0.0119	0.0060	0.0000	0.0000	0.0007	0.0060	0.0000	0.0019	0.0000	0.0012	0.0000	0.0000	0.0002	0.0000	0.0000	0.0042	0.0036	0.0111	0.0003	0.9289	0.0000	0.0000	0.0069	
0.0000	0.0913	0.0000	0.0000	0.5310	0.0000	0.0193	0.0000	0.0126	0.0000	0.0000	0.0001	0.0013	0.0000	0.0001	0.0000	0.0521	0.0000	0.0000	0.0000	0.0000	0.0000	0.0000	0.0000	0.0000	0.0000	0.0155	0.0008	0.2759	0.0000	
0.0078	0.0129	0.0794	0.0000	0.0000	0.0000	0.0053	0.0006	0.0000	0.0000	0.0000	0.0011	0.0006	0.1934	0.0000	0.0001	0.1034	0.0004	0.0000	0.0002	0.0034	0.0147	0.0016	0.0001	0.0000	0.0000	0.0011	0.0246	0.5495	0.0000	
0.0006	0.0000	0.0000	0.0008	0.0000	0.1340	0.0116	0.0844	0.0000	0.0000	0.0000	0.0000	0.0000	0.0246	0.0000	0.3643	0.0000	0.0036	0.0000	0.0075	0.0001	0.0000	0.0005	0.0000	0.0000	0.0004	0.0000	0.2447	0.1220	0.0008	
0.0060	0.0000	0.0000	0.0143	0.0000	0.0880	0.0002	0.0001	0.0002	0.0055	0.1400	0.0000	0.0000	0.0165	0.0001	0.0118	0.0006	0.4131	0.0135	0.0000	0.0005	0.2852	0.0000	0.0044	0.0000	0.0000	0.0000	0.0000	0.0000	0.0000	
0.0086	0.0188	0.0142	0.0444	0.0002	0.0005	0.0518	0.0514	0.0004	0.0710	0.0000	0.0131	0.0000	0.0000	0.0001	0.0006	0.0000	0.0085	0.0762	0.1723	0.2686	0.0087	0.0168	0.0021	0.0008	0.0168	0.0004	0.0028	0.1238	0.0270	
0.0000	0.0922	0.0000	0.0000	0.0000	0.0000	0.0041	0.0540	0.0000	0.0000	0.0000	0.0000	0.0000	0.0000	0.0000	0.0000	0.0000	0.0000	0.0001	0.0005	0.4295	0.0000	0.0744	0.0135	0.0003	0.2519	0.0224	0.0002	0.0567	0.0000	
0.0014	0.0000	0.0000	0.0000	0.0432	0.7127	0.0073	0.0178	0.0000	0.0010	0.0000	0.0000	0.0063	0.0311	0.0062	0.0587	0.0000	0.1001	0.0010	0.0000	0.0000	0.0013	0.0000	0.0000	0.0000	0.0019	0.0000	0.0051	0.0007	0.0042	
0.0659	0.0009	0.0006	0.0005	0.0062	0.1163	0.0182	0.0052	0.0134	0.0008	0.0057	0.0000	0.0000	0.0027	0.0004	0.0252	0.0042	0.0572	0.0002	0.0000	0.0040	0.0116	0.0000	0.0094	0.0000	0.0000	0.6330	0.0001	0.0170	0.0011	
0.0001	0.0000	0.0000	0.0021	0.0000	0.0001	0.0000	0.0012	0.0000	0.0912	0.0000	0.0016	0.7173	0.0000	0.0000	0.0000	0.1200	0.0000	0.0066	0.0000	0.0003	0.0285	0.0001	0.0001	0.0000	0.0001	0.0305	0.0000	0.0002	0.0001	
0.0000	0.0000	0.1446	0.0000	0.0265	0.0006	0.0159	0.0003	0.0008	0.0044	0.0000	0.0000	0.0000	0.0000	0.0264	0.0002	0.0000	0.0000	0.0001	0.0002	0.0001	0.0005	0.0045	0.0000	0.0529	0.0000	0.0000	0.0068	0.7093	0.0059	
0.1446	0.0000	0.0000	0.0000	0.0010	0.0000	0.0476	0.0001	0.0000	0.0000	0.0000	0.0259	0.0000	0.0000	0.0000	0.0000	0.0000	0.0000	0.0000	0.0503	0.0000	0.0000	0.0225	0.1272	0.0000	0.0000	0.5274	0.0000	0.0001	0.0532	
0.0003	0.0139	0.6349	0.0034	0.0000	0.0000	0.0046	0.0002	0.0000	0.0143	0.0000	0.0061	0.0000	0.0000	0.0000	0.0000	0.0000	0.0000	0.0029	0.0020	0.0000	0.0006	0.0102	0.0001	0.0000	0.0000	0.0075	0.2830	0.0025	0.0135	
0.0401	0.0000	0.0000	0.0000	0.2902	0.0732	0.0003	0.2574	0.0000	0.0001	0.0000	0.0000	0.0021	0.0271	0.0297	0.0237	0.0134	0.0870	0.0013	0.0000	0.0011	0.1010	0.0021	0.0001	0.0000	0.0475	0.0000	0.0000	0.0000	0.0026	
0.0007	0.0000	0.0001	0.0098	0.0004	0.0102	0.0013	0.0006	0.0009	0.0011	0.1599	0.0000	0.0000	0.0304	0.0002	0.0014	0.0018	0.4523	0.0105	0.0000	0.0019	0.2927	0.0131	0.0103	0.0004	0.0000	0.0000	0.0000	0.0000	0.0000	
0.0114	0.0000	0.0000	0.0000	0.1376	0.0000	0.0037	0.2582	0.1030	0.0000	0.0000	0.0000	0.0000	0.0001	0.0067	0.0000	0.0000	0.0000	0.0000	0.0024	0.0777	0.0000	0.0006	0.0007	0.0000	0.0000	0.3465	0.0000	0.0000	0.0514	
0.0000	0.0000	0.0000	0.0041	0.0000	0.0490	0.0100	0.0008	0.0001	0.0048	0.0731	0.0000	0.0136	0.0196	0.0000	0.0146	0.0000	0.1933	0.0049	0.2490	0.0000	0.1401	0.0000	0.0717	0.0000	0.0000	0.0000	0.0506	0.1005	0.0000	
0.0060	0.0026	0.0052	0.0011	0.0000	0.0001	0.0002	0.0001	0.0000	0.0000	0.0000	0.0000	0.0198	0.1937	0.0000	0.0017	0.5511	0.0044	0.0001	0.0005	0.0004	0.0014	0.0000	0.0000	0.0000	0.0000	0.0011	0.0170	0.1936	0.0000	
0.0000	0.7105	0.0000	0.0000	0.0000	0.0000	0.0019	0.0000	0.0000	0.0000	0.0000	0.0000	0.0001	0.0014	0.0000	0.0000	0.0002	0.0000	0.0003	0.2678	0.0000	0.0000	0.0020	0.0000	0.0000	0.0000	0.0133	0.0004	0.0004	0.0013	
0.0000	0.0098	0.0000	0.0000	0.0000	0.0001	0.0036	0.0682	0.0000	0.0000	0.0000	0.0000	0.0001	0.0000	0.0000	0.0001	0.0000	0.0000	0.0000	0.0000	0.3140	0.0000	0.1528	0.0000	0.0548	0.2078	0.0000	0.0005	0.1883	0.0000	
0.0005	0.0000	0.0000	0.0001	0.0010	0.0000	0.0373	0.0036	0.0123	0.0037	0.0000	0.0000	0.1501	0.0156	0.0000	0.0000	0.0016	0.0000	0.0000	0.3754	0.0004	0.0004	0.0004	0.1090	0.0000	0.0007	0.0000	0.0970	0.1900	0.0007	
0.0497	0.0369	0.0045	0.0004	0.0184	0.3006	0.0072	0.0000	0.0003	0.1342	0.0000	0.0006	0.0000	0.0006	0.0000	0.1984	0.0000	0.0002	0.0000	0.0000	0.0000	0.0000	0.0969	0.0022	0.0365	0.0038	0.0331	0.0000	0.0000	0.0755	
0.0008	0.0000	0.0000	0.0000	0.0015	0.0000	0.0210	0.0727	0.0001	0.0001	0.0071	0.0000	0.0000	0.0000	0.0001	0.0000	0.0243	0.0000	0.0209	0.0054	0.7703	0.0285	0.0042	0.0048	0.0255	0.0025	0.0000	0.0017	0.0082	0.0003	
0.1030	0.0617	0.0023	0.0050	0.0004	0.3414	0.0006	0.0003	0.0000	0.1582	0.0000	0.0000	0.0000	0.0024	0.0000	0.2970	0.0000	0.0032	0.0000	0.0000	0.0111	0.0000	0.0000	0.0000	0.0000	0.0094	0.0000	0.0009	0.0000	0.0032	
0.0086	0.0114	0.6050	0.0334	0.0000	0.1077	0.0000	0.0000	0.0000	0.0355	0.0000	0.0004	0.0000	0.0000	0.0000	0.0147	0.0000	0.0035	0.0001	0.0000	0.0000	0.0000	0.1753	0.0001	0.0039	0.0002	0.0001	0.0000	0.0000	0.0000	
0.0001	0.0000	0.0000	0.0000	0.0063	0.0120	0.0663	0.0000	0.0000	0.0000	0.0000	0.0000	0.0000	0.4717	0.0000	0.0072	0.0000	0.0000	0.0000	0.0949	0.0000	0.0000	0.0092	0.0000	0.3322	0.0001	0.0000	0.0002	0.0000	0.0000	
0.4796	0.0543	0.0059	0.0371	0.0000	0.0000	0.0000	0.0000	0.0000	0.0036	0.0001	0.0588	0.0000	0.0000	0.0000	0.0000	0.0000	0.0000	0.0986	0.0311	0.0000	0.0000	0.0294	0.0001	0.0000	0.0000	0.1949	0.0000	0.0000	0.0066	
0.0018	0.0000	0.0014	0.2174	0.0001	0.0000	0.0000	0.0000	0.0000	0.0005	0.0002	0.2480	0.0000	0.0000	0.0000	0.0000	0.0000	0.0001	0.2112	0.2901	0.0000	0.0000	0.0001	0.0000	0.0010	0.0002	0.0001	0.0000	0.0000	0.0276	
0.0001	0.0000	0.0000	0.0000	0.0003	0.0159	0.1252	0.0268	0.0000	0.0001	0.0000	0.0000	0.0001	0.2478	0.0000	0.0453	0.0000	0.0043	0.0000	0.0052	0.0442	0.0000	0.0000	0.0000	0.0001	0.0002	0.0471	0.2072	0.2272	0.0030	

Emissions
0.2149	0.7345	0.0172	0.0000	0.0001	0.0000	0.0333	
0.0069	0.9008	0.0857	0.0028	0.0038	0.0000	0.0000	
0.6746	0.0000	0.0015	0.0000	0.3238	0.0000	0.0000	
0.9917	0.0001	0.0038	0.0000	0.0040	0.0004	0.0000	
0.0000	0.0000	0.9313	0.0000	0.0000	0.0000	0.0687	
0.9998	0.0000	0.0002	0.0000	0.0000	0.0000	0.0001	
0.0000	0.0003	0.1668	0.0000	0.0000	0.0002	0.8327	
0.0000	0.0000	0.2158	0.0000	0.0000	0.6205	0.1636	
0.0000	0.0000	1.0000	0.0000	0.0000	0.0000	0.0000	
0.6629	0.0017	0.3354	0.0000	0.0000	0.0000	0.0000	
0.0184	0.0000	0.6513	0.2470	0.0000	0.0833	0.0000	
0.0093	0.1191	0.0225	0.1346	0.7104	0.0000	0.0042	
0.0157	0.0001	0.0246	0.4525	0.0006	0.4357	0.0709	
0.0000	0.0784	0.9210	0.0000	0.0000	0.0000	0.0005	
0.0000	0.0000	0.9455	0.0000	0.0000	0.0545	0.0000	
0.9983	0.0000	0.0011	0.0000	0.0000	0.0000	0.0006	
0.0048	0.1897	0.0003	0.7551	0.0006	0.0441	0.0055	
0.9929	0.0021	0.0006	0.0000	0.0000	0.0041	0.0003	
0.4493	0.0000	0.5506	0.0000	0.0000	0.0000	0.0000	
0.0010	0.0000	0.7452	0.0000	0.0000	0.0000	0.2538	
0.0000	0.0002	0.0000	0.0000	0.0000	0.9510	0.0488	
0.0005	0.0995	0.0181	0.0000	0.0000	0.8701	0.0118	
0.0003	0.8130	0.0002	0.1296	0.0000	0.0000	0.0569	
0.0022	0.0060	0.0497	0.0000	0.3687	0.0016	0.5717	
0.2615	0.5483	0.0183	0.1607	0.0000	0.0000	0.0112	
0.5081	0.4565	0.0000	0.0000	0.0000	0.0000	0.0354	
0.0000	0.0000	0.3055	0.0000	0.6945	0.0000	0.0000	
0.0005	0.0000	0.1938	0.0000	0.0001	0.0000	0.8056	
0.0000	0.0000	0.0018	0.0000	0.0000	0.0734	0.9247	
0.0079	0.0180	0.9076	0.0004	0.0086	0.0000	0.0575	
