DataSet 37
Learner: Baum Welch Learner
Log Likelihood: 71213.1126765105

Number of States: 30
Number of Symbols: 8
Threshold: 0.01

Initial Distribution:
0.0066	0.0183	0.0760	0.0171	0.0267	0.0058	0.0062	0.0121	0.0594	0.0563	0.0253	0.0327	0.0152	0.0794	0.0279	0.0101	0.0642	0.1012	0.0523	0.0825	0.0313	0.0155	0.0200	0.0139	0.0167	0.0154	0.0518	0.0141	0.0093	0.0369	

Transitions:
0.0435	0.0287	0.0137	0.0571	0.0278	0.0494	0.0094	0.0311	0.0566	0.0329	0.0357	0.0480	0.0677	0.0074	0.0628	0.0097	0.0009	0.0284	0.0533	0.0045	0.0366	0.0353	0.0325	0.0130	0.0459	0.0577	0.0454	0.0436	0.0090	0.0123	
0.0203	0.0866	0.0061	0.0706	0.0119	0.0797	0.0389	0.0507	0.0290	0.0766	0.0021	0.0459	0.0846	0.0099	0.0057	0.0114	0.0306	0.0323	0.0390	0.0034	0.0608	0.0342	0.0410	0.0128	0.0349	0.0017	0.0013	0.0032	0.0191	0.0559	
0.0056	0.0408	0.0248	0.0674	0.0242	0.0478	0.0533	0.0114	0.0004	0.0792	0.0605	0.0357	0.0185	0.0037	0.0051	0.0032	0.0545	0.0280	0.0106	0.0440	0.0461	0.0369	0.0182	0.0084	0.0425	0.0724	0.0407	0.0742	0.0325	0.0094	
0.0768	0.0309	0.0284	0.0629	0.0618	0.0378	0.0177	0.0058	0.0570	0.0321	0.0363	0.0173	0.0341	0.0319	0.0258	0.0158	0.0107	0.0237	0.0054	0.0245	0.0252	0.0488	0.0783	0.0541	0.0012	0.0512	0.0203	0.0177	0.0255	0.0410	
0.0083	0.0509	0.0528	0.0651	0.0037	0.0213	0.0053	0.0331	0.0174	0.0365	0.0572	0.0429	0.0438	0.0461	0.0065	0.0230	0.0052	0.0511	0.0550	0.0191	0.0489	0.0126	0.0652	0.0016	0.0558	0.0204	0.0325	0.0513	0.0548	0.0126	
0.0143	0.0660	0.0491	0.0236	0.0208	0.0445	0.0300	0.0322	0.0228	0.0623	0.0085	0.0443	0.0053	0.0328	0.0358	0.0420	0.0050	0.0114	0.0363	0.0362	0.0338	0.0335	0.0321	0.0006	0.0472	0.0643	0.0524	0.0485	0.0078	0.0564	
0.0618	0.0246	0.0521	0.0088	0.0252	0.0579	0.0678	0.0181	0.0288	0.0257	0.0653	0.0452	0.0343	0.0574	0.0135	0.0026	0.0077	0.0225	0.0365	0.0065	0.0149	0.0224	0.0161	0.0057	0.0477	0.0556	0.0381	0.0586	0.0485	0.0300	
0.0505	0.0392	0.0198	0.0367	0.0088	0.0407	0.0584	0.0589	0.0107	0.0390	0.0458	0.0497	0.0508	0.0102	0.0462	0.0505	0.0050	0.0302	0.0465	0.0330	0.0473	0.0282	0.0157	0.0003	0.0331	0.0313	0.0076	0.0378	0.0288	0.0394	
0.0194	0.0091	0.0442	0.0050	0.0340	0.0118	0.0165	0.0616	0.0426	0.0258	0.0039	0.0098	0.0107	0.0512	0.0238	0.0258	0.0382	0.0699	0.0205	0.0503	0.0448	0.0694	0.0652	0.0725	0.0383	0.0244	0.0332	0.0260	0.0042	0.0479	
0.0415	0.0210	0.0299	0.0387	0.0269	0.0394	0.0146	0.0448	0.0407	0.0359	0.0437	0.0176	0.0633	0.0253	0.0424	0.0416	0.0235	0.0268	0.0437	0.0120	0.0616	0.0103	0.0225	0.0536	0.0582	0.0197	0.0134	0.0405	0.0366	0.0103	
0.0438	0.0484	0.0409	0.0011	0.0408	0.0368	0.0368	0.0303	0.0192	0.0346	0.0063	0.0460	0.0187	0.0348	0.0595	0.0176	0.0513	0.0238	0.0164	0.0426	0.0559	0.0013	0.0390	0.0522	0.0356	0.0277	0.0530	0.0386	0.0396	0.0073	
0.0302	0.0347	0.0098	0.0359	0.0578	0.0495	0.0360	0.0673	0.0408	0.0541	0.0020	0.0549	0.0063	0.0045	0.0064	0.0107	0.0537	0.0392	0.0510	0.0358	0.0219	0.0476	0.0254	0.0508	0.0140	0.0437	0.0132	0.0587	0.0257	0.0185	
0.0458	0.0561	0.0484	0.0147	0.0101	0.0283	0.0410	0.0484	0.0418	0.0094	0.0470	0.0605	0.0510	0.0212	0.0481	0.0042	0.0517	0.0288	0.0441	0.0227	0.0378	0.0179	0.0576	0.0031	0.0465	0.0428	0.0103	0.0256	0.0198	0.0156	
0.0356	0.0391	0.0355	0.0273	0.0115	0.0027	0.0011	0.0544	0.0498	0.0295	0.0280	0.0043	0.0570	0.0346	0.0556	0.0225	0.0612	0.0617	0.0572	0.0088	0.0416	0.0404	0.0069	0.0593	0.0386	0.0239	0.0081	0.0470	0.0290	0.0279	
0.0267	0.0178	0.0320	0.0396	0.0386	0.0063	0.0314	0.0247	0.0120	0.0567	0.0044	0.0065	0.0567	0.0139	0.0720	0.0359	0.0270	0.0123	0.0153	0.0262	0.0546	0.0143	0.0382	0.0141	0.0370	0.0722	0.0349	0.0477	0.0621	0.0687	
0.0623	0.0145	0.0243	0.0307	0.0157	0.0157	0.0438	0.0263	0.0063	0.0508	0.0642	0.0460	0.0613	0.0139	0.0055	0.0418	0.0630	0.0542	0.0655	0.0049	0.0003	0.0611	0.0453	0.0044	0.0520	0.0092	0.0473	0.0192	0.0038	0.0466	
0.0328	0.0474	0.0319	0.0240	0.0492	0.0472	0.0420	0.0144	0.0542	0.0416	0.0565	0.0015	0.0065	0.0265	0.0309	0.0028	0.0231	0.0149	0.0061	0.0471	0.0577	0.0391	0.0424	0.0460	0.0487	0.0608	0.0358	0.0182	0.0443	0.0063	
0.0300	0.0239	0.0218	0.0326	0.0123	0.0086	0.0085	0.0270	0.0241	0.0165	0.0669	0.0458	0.0635	0.0169	0.0109	0.0641	0.0536	0.0079	0.0419	0.0465	0.0479	0.0371	0.0124	0.0161	0.0412	0.0619	0.0077	0.0472	0.0441	0.0609	
0.0136	0.0233	0.0310	0.0512	0.0132	0.0316	0.0407	0.0354	0.0157	0.0202	0.0550	0.0555	0.0545	0.0465	0.0536	0.0137	0.0381	0.0214	0.0322	0.0447	0.0094	0.0297	0.0445	0.0607	0.0209	0.0576	0.0091	0.0053	0.0543	0.0177	
0.0019	0.0240	0.0609	0.0406	0.0015	0.0359	0.0137	0.0044	0.0025	0.0446	0.0219	0.0165	0.0662	0.0166	0.0609	0.0554	0.0457	0.0224	0.0279	0.0268	0.0165	0.0536	0.0206	0.0615	0.0533	0.0536	0.0452	0.0390	0.0422	0.0242	
0.0347	0.0426	0.0528	0.0004	0.0220	0.0379	0.0093	0.0256	0.0572	0.0233	0.0039	0.0463	0.0302	0.0665	0.0421	0.0621	0.0469	0.0326	0.0132	0.0390	0.0223	0.0619	0.0590	0.0412	0.0045	0.0223	0.0041	0.0033	0.0673	0.0255	
0.0629	0.0417	0.0342	0.0485	0.0096	0.0391	0.0325	0.0541	0.0569	0.0143	0.0453	0.0211	0.0342	0.0021	0.0219	0.0346	0.0219	0.0164	0.0167	0.0433	0.0028	0.0109	0.0278	0.0678	0.0639	0.0399	0.0534	0.0135	0.0679	0.0009	
0.0336	0.0048	0.0265	0.0323	0.0249	0.0236	0.0059	0.0395	0.0448	0.0471	0.0239	0.0496	0.0385	0.0507	0.0593	0.0554	0.0202	0.0363	0.0106	0.0251	0.0566	0.0447	0.0481	0.0062	0.0160	0.0445	0.0134	0.0363	0.0455	0.0360	
0.0598	0.0199	0.0587	0.0631	0.0468	0.0342	0.0595	0.0676	0.0387	0.0626	0.0357	0.0520	0.0341	0.0252	0.0245	0.0123	0.0370	0.0246	0.0014	0.0013	0.0162	0.0115	0.0016	0.0356	0.0048	0.0531	0.0184	0.0255	0.0193	0.0551	
0.0137	0.0360	0.0596	0.0205	0.0050	0.0086	0.0722	0.0514	0.0187	0.0253	0.0079	0.0293	0.0079	0.0200	0.0742	0.0137	0.0235	0.0252	0.0532	0.0045	0.0109	0.0587	0.0443	0.0568	0.0246	0.0474	0.0183	0.0303	0.0630	0.0754	
0.0163	0.0295	0.0409	0.0548	0.0446	0.0519	0.0527	0.0102	0.0186	0.0132	0.0150	0.0545	0.0088	0.0387	0.0550	0.0432	0.0039	0.0379	0.0305	0.0420	0.0244	0.0550	0.0434	0.0122	0.0329	0.0214	0.0505	0.0070	0.0613	0.0298	
0.0505	0.0336	0.0493	0.0198	0.0059	0.0321	0.0395	0.0114	0.0320	0.0618	0.0191	0.0096	0.0046	0.0305	0.0512	0.0133	0.0392	0.0509	0.0519	0.0284	0.0329	0.0337	0.0587	0.0619	0.0330	0.0218	0.0482	0.0278	0.0231	0.0244	
0.0022	0.0516	0.0162	0.0661	0.0261	0.0443	0.0054	0.0608	0.0342	0.0185	0.0075	0.0597	0.0109	0.0323	0.0419	0.0161	0.0572	0.0040	0.0242	0.0183	0.0430	0.0027	0.0227	0.0314	0.0624	0.0215	0.0407	0.0619	0.0576	0.0584	
0.0590	0.0143	0.0578	0.0160	0.0685	0.0338	0.0671	0.0134	0.0125	0.0112	0.0124	0.0643	0.0279	0.0357	0.0303	0.0439	0.0270	0.0248	0.0277	0.0187	0.0406	0.0583	0.0122	0.0034	0.0494	0.0740	0.0315	0.0590	0.0006	0.0046	
0.0026	0.0142	0.0008	0.0575	0.0371	0.0579	0.0021	0.0676	0.0353	0.0028	0.0217	0.0460	0.0690	0.0128	0.0107	0.0500	0.0445	0.0458	0.0007	0.0120	0.0654	0.0167	0.0347	0.0364	0.0151	0.0664	0.0030	0.0581	0.0382	0.0752	

Emissions
0.0123	0.0477	0.0603	0.0345	0.0318	0.2748	0.3068	0.2318	
0.1776	0.1412	0.1357	0.1069	0.1421	0.0645	0.0000	0.2319	
0.1611	0.1985	0.0777	0.1818	0.0321	0.0736	0.1438	0.1313	
0.0313	0.2255	0.1537	0.1083	0.1033	0.1136	0.1997	0.0646	
0.1269	0.2294	0.2071	0.0712	0.1048	0.1666	0.0282	0.0658	
0.1964	0.0516	0.2446	0.1240	0.1227	0.1032	0.1174	0.0402	
0.0896	0.1012	0.2371	0.0177	0.1704	0.1237	0.1606	0.0997	
0.0611	0.1180	0.2421	0.0801	0.0402	0.0774	0.2699	0.1112	
0.2182	0.1776	0.0226	0.1104	0.0801	0.1783	0.1528	0.0600	
0.2153	0.2274	0.0052	0.0487	0.1621	0.0514	0.0799	0.2101	
0.0961	0.2168	0.0080	0.0721	0.1243	0.1529	0.0921	0.2378	
0.1605	0.1629	0.1287	0.0198	0.1084	0.1060	0.2009	0.1128	
0.0455	0.1520	0.2185	0.0285	0.0624	0.0234	0.2301	0.2396	
0.2939	0.2924	0.0309	0.0699	0.1003	0.0862	0.1238	0.0026	
0.0171	0.0586	0.1685	0.1431	0.0542	0.1228	0.2010	0.2347	
0.0265	0.1362	0.1210	0.2028	0.2376	0.0869	0.1324	0.0566	
0.2045	0.1613	0.1393	0.1769	0.0692	0.0296	0.1384	0.0810	
0.2634	0.1193	0.0458	0.2839	0.0917	0.0216	0.0677	0.1066	
0.0763	0.3015	0.0057	0.1881	0.1465	0.0766	0.0665	0.1389	
0.1998	0.0091	0.0005	0.2963	0.1170	0.0067	0.2173	0.1533	
0.1225	0.0277	0.0943	0.0256	0.0994	0.1719	0.1813	0.2773	
0.1079	0.1520	0.1142	0.1610	0.0466	0.1399	0.0596	0.2188	
0.0295	0.3811	0.1087	0.0101	0.0638	0.1856	0.1108	0.1104	
0.0522	0.1451	0.1749	0.0937	0.0321	0.1019	0.1533	0.2470	
0.1111	0.2204	0.0874	0.1021	0.1160	0.0264	0.2159	0.1205	
0.0776	0.0536	0.2335	0.0497	0.1780	0.0652	0.0576	0.2847	
0.1975	0.0122	0.1118	0.2194	0.0977	0.1119	0.0860	0.1636	
0.2145	0.0778	0.2792	0.0045	0.0075	0.0646	0.2809	0.0711	
0.0099	0.2314	0.0763	0.1079	0.0899	0.1510	0.0704	0.2632	
0.0089	0.3015	0.1126	0.0362	0.1396	0.0241	0.1472	0.2300	
