DataSet 37
Learner: Baum Welch Learner
Log Likelihood: 71183.5976727942

Number of States: 20
Number of Symbols: 8
Threshold: 0.01

Initial Distribution:
0.0238	0.0427	0.0107	0.1505	0.0174	0.0681	0.0233	0.1411	0.0282	0.1407	0.0812	0.0122	0.0261	0.0597	0.0179	0.0033	0.0790	0.0527	0.0196	0.0017	

Transitions:
0.0140	0.0597	0.0790	0.0604	0.0145	0.0972	0.0365	0.0016	0.0159	0.0319	0.0372	0.0940	0.0347	0.0930	0.0303	0.0841	0.1015	0.0250	0.0445	0.0451	
0.0500	0.1024	0.0364	0.0420	0.0815	0.0644	0.0611	0.0150	0.0231	0.0211	0.0449	0.0342	0.0279	0.0672	0.0670	0.0707	0.0277	0.0529	0.0721	0.0382	
0.0728	0.0410	0.0926	0.0131	0.0359	0.0760	0.1011	0.0542	0.0338	0.0369	0.0103	0.0803	0.0196	0.0772	0.0585	0.0185	0.0164	0.0313	0.0764	0.0542	
0.0386	0.0273	0.1140	0.1131	0.1160	0.0021	0.0911	0.0689	0.0208	0.0511	0.0660	0.0400	0.0595	0.0002	0.0999	0.0159	0.0155	0.0316	0.0064	0.0220	
0.0888	0.0082	0.0893	0.0827	0.0217	0.0929	0.0251	0.0533	0.0219	0.0451	0.0591	0.0967	0.0947	0.0300	0.0133	0.0471	0.0661	0.0020	0.0279	0.0341	
0.0032	0.0327	0.0402	0.0927	0.1096	0.0953	0.0363	0.0202	0.0011	0.0356	0.0065	0.0938	0.0336	0.0670	0.0811	0.0231	0.0442	0.1065	0.0709	0.0063	
0.0749	0.0119	0.0347	0.0556	0.0740	0.0610	0.0478	0.0139	0.0789	0.0211	0.0384	0.0077	0.0931	0.0643	0.0135	0.0494	0.0682	0.0806	0.0753	0.0360	
0.0483	0.0057	0.0477	0.0693	0.0465	0.0838	0.0643	0.0213	0.0700	0.0926	0.0101	0.0575	0.0411	0.0195	0.0543	0.0757	0.0896	0.0717	0.0037	0.0272	
0.0358	0.0164	0.0290	0.0719	0.0970	0.1105	0.1018	0.0644	0.0482	0.0115	0.0450	0.0370	0.0137	0.0252	0.0631	0.0751	0.0756	0.0582	0.0165	0.0042	
0.0009	0.0226	0.0396	0.0778	0.0180	0.0843	0.0603	0.0729	0.0205	0.0203	0.0565	0.0811	0.0920	0.0545	0.0075	0.0265	0.0667	0.0616	0.0892	0.0476	
0.0965	0.0112	0.0821	0.0497	0.0453	0.0829	0.0577	0.0192	0.0712	0.0678	0.0243	0.0298	0.0676	0.0003	0.0291	0.0062	0.0701	0.0310	0.0500	0.1079	
0.0331	0.0168	0.0366	0.0219	0.0545	0.0591	0.0518	0.0565	0.0168	0.0179	0.0901	0.0942	0.0788	0.0689	0.0205	0.1022	0.0547	0.0094	0.0609	0.0552	
0.0355	0.0522	0.0101	0.0387	0.0931	0.0347	0.0378	0.0868	0.0291	0.0014	0.0582	0.0383	0.0306	0.0808	0.0191	0.0614	0.0745	0.0489	0.0872	0.0814	
0.0286	0.0988	0.0021	0.0399	0.0732	0.0368	0.0599	0.0860	0.0767	0.0262	0.0464	0.0434	0.0699	0.0845	0.0560	0.0657	0.0029	0.0755	0.0181	0.0093	
0.0114	0.0594	0.0230	0.0131	0.0521	0.0640	0.0638	0.0871	0.0517	0.0405	0.0129	0.0975	0.0129	0.0719	0.0206	0.0436	0.0587	0.0706	0.0753	0.0699	
0.0649	0.0401	0.0097	0.0747	0.0362	0.0238	0.0648	0.0272	0.0286	0.0304	0.0463	0.0796	0.0316	0.0685	0.0738	0.0706	0.0609	0.0683	0.0794	0.0207	
0.0972	0.1078	0.0557	0.0425	0.0246	0.0832	0.0479	0.0094	0.0931	0.0171	0.0255	0.0399	0.0234	0.0631	0.0410	0.0654	0.0439	0.0244	0.0728	0.0220	
0.0675	0.0173	0.0334	0.0771	0.0599	0.0200	0.0464	0.0188	0.0717	0.0239	0.0449	0.0472	0.0579	0.0323	0.0655	0.0640	0.0786	0.0543	0.0575	0.0618	
0.0819	0.0675	0.0526	0.0112	0.0191	0.0328	0.0699	0.0740	0.0522	0.0144	0.0374	0.0494	0.0212	0.0742	0.0430	0.0590	0.0418	0.0466	0.0572	0.0944	
0.0118	0.0171	0.0232	0.0404	0.0553	0.0659	0.0682	0.0767	0.0804	0.0357	0.0532	0.0595	0.0507	0.0915	0.0353	0.0178	0.0638	0.0291	0.0816	0.0430	

Emissions
0.0818	0.1913	0.1687	0.0827	0.1494	0.0178	0.0997	0.2086	
0.0047	0.0549	0.1087	0.1394	0.0408	0.1811	0.2426	0.2278	
0.0707	0.0222	0.1869	0.0758	0.1325	0.2080	0.2866	0.0173	
0.1568	0.2773	0.0081	0.0745	0.1041	0.0441	0.3047	0.0304	
0.1338	0.0466	0.1661	0.0480	0.1097	0.1455	0.1947	0.1556	
0.0669	0.2570	0.1570	0.1369	0.0035	0.0355	0.1336	0.2096	
0.0470	0.1558	0.1966	0.0766	0.1297	0.0500	0.1993	0.1450	
0.3414	0.2501	0.0239	0.0196	0.0138	0.0225	0.1353	0.1935	
0.0348	0.1065	0.2161	0.1855	0.0585	0.0743	0.0745	0.2499	
0.2476	0.0532	0.0600	0.3823	0.0663	0.0604	0.0168	0.1135	
0.1272	0.1310	0.0004	0.2206	0.1280	0.1072	0.1447	0.1410	
0.0621	0.2676	0.1762	0.1092	0.0942	0.1248	0.1168	0.0490	
0.0611	0.2239	0.1229	0.0943	0.0638	0.0855	0.1072	0.2414	
0.0810	0.2492	0.0125	0.0864	0.1720	0.1776	0.0789	0.1425	
0.1008	0.1867	0.1862	0.1002	0.0197	0.1155	0.0901	0.2008	
0.1639	0.1139	0.2556	0.0435	0.1813	0.1145	0.1201	0.0071	
0.1896	0.0427	0.0783	0.0477	0.1377	0.0647	0.2371	0.2022	
0.2311	0.0104	0.1097	0.1028	0.0862	0.1876	0.1473	0.1250	
0.0973	0.2368	0.0627	0.0763	0.1514	0.1404	0.0086	0.2265	
0.0792	0.1641	0.2076	0.0901	0.1329	0.0274	0.0306	0.2681	
