DataSet 37
Learner: Baum Welch Learner
Log Likelihood: 71194.5276101741

Number of States: 20
Number of Symbols: 8
Threshold: 0.01

Initial Distribution:
0.0114	0.0670	0.1127	0.0294	0.0319	0.1168	0.0046	0.0231	0.0070	0.0456	0.0584	0.0435	0.0195	0.0692	0.0762	0.0388	0.0234	0.1618	0.0128	0.0469	

Transitions:
0.0122	0.0084	0.0664	0.1010	0.0105	0.0149	0.0848	0.0189	0.0767	0.0651	0.0502	0.0735	0.0407	0.0526	0.0782	0.0699	0.0504	0.0340	0.0141	0.0776	
0.0746	0.0324	0.0135	0.0263	0.0890	0.0486	0.0838	0.0842	0.0854	0.0670	0.0129	0.0724	0.0974	0.0028	0.0436	0.0063	0.0117	0.0900	0.0446	0.0136	
0.0220	0.0766	0.0594	0.0475	0.0020	0.0180	0.0125	0.0635	0.0874	0.0052	0.0086	0.0868	0.0709	0.0346	0.0639	0.0676	0.0863	0.0446	0.0923	0.0503	
0.0369	0.0784	0.0322	0.0960	0.0408	0.0585	0.0739	0.0305	0.0105	0.0593	0.0558	0.0454	0.0834	0.0001	0.0483	0.0745	0.0520	0.0474	0.0188	0.0575	
0.0383	0.0045	0.0831	0.0708	0.0540	0.0193	0.1013	0.0525	0.0378	0.0665	0.0140	0.0599	0.0033	0.0797	0.0672	0.0290	0.0415	0.0559	0.0972	0.0242	
0.0397	0.0716	0.0536	0.0165	0.0460	0.0514	0.1024	0.0676	0.0840	0.0888	0.0163	0.0292	0.0322	0.0223	0.0182	0.0341	0.0934	0.0641	0.0408	0.0279	
0.0774	0.0246	0.0001	0.0546	0.0596	0.0892	0.0560	0.0086	0.0338	0.0309	0.0496	0.1050	0.0710	0.0920	0.0326	0.0676	0.0471	0.0701	0.0257	0.0045	
0.0266	0.0273	0.0685	0.0617	0.0477	0.0768	0.0327	0.0773	0.0761	0.0377	0.0418	0.0757	0.0310	0.0681	0.0465	0.0155	0.0722	0.0113	0.0568	0.0486	
0.0037	0.0903	0.0356	0.0597	0.0341	0.0176	0.0682	0.0343	0.1070	0.0514	0.1022	0.0116	0.0498	0.0345	0.0010	0.0513	0.0422	0.0364	0.0962	0.0730	
0.0608	0.0605	0.0339	0.0849	0.0813	0.0597	0.0641	0.0862	0.0469	0.0176	0.0890	0.0325	0.0252	0.0685	0.0004	0.0361	0.0818	0.0218	0.0202	0.0286	
0.0224	0.0802	0.0728	0.0145	0.0382	0.0223	0.0237	0.0808	0.0695	0.0969	0.0717	0.0294	0.0156	0.0726	0.0717	0.0281	0.0413	0.0366	0.0584	0.0535	
0.0439	0.0550	0.0651	0.0650	0.0543	0.0454	0.0795	0.0606	0.0325	0.0601	0.0586	0.0159	0.0198	0.0551	0.0412	0.0601	0.0689	0.0180	0.0432	0.0577	
0.0425	0.0624	0.0208	0.0501	0.0402	0.0473	0.0158	0.0375	0.0988	0.0710	0.0965	0.0364	0.0635	0.0485	0.0683	0.0515	0.0092	0.0123	0.0494	0.0778	
0.0571	0.0666	0.0723	0.0139	0.0458	0.0703	0.0157	0.0646	0.0507	0.0119	0.0796	0.0301	0.1418	0.0002	0.0253	0.1056	0.0565	0.0401	0.0427	0.0091	
0.0369	0.0363	0.0592	0.0631	0.0561	0.0207	0.0476	0.0555	0.0878	0.0879	0.0594	0.0584	0.0681	0.0547	0.0179	0.0769	0.0104	0.0120	0.0145	0.0767	
0.0409	0.0598	0.0061	0.0871	0.0116	0.0600	0.0399	0.0576	0.0384	0.0800	0.0169	0.0712	0.0827	0.0406	0.0379	0.0829	0.0635	0.0757	0.0391	0.0081	
0.0045	0.0416	0.0507	0.0443	0.0432	0.0800	0.0503	0.0331	0.0853	0.0273	0.0770	0.0252	0.0196	0.0377	0.0593	0.0699	0.0347	0.0719	0.0556	0.0885	
0.1026	0.0959	0.0305	0.0008	0.0843	0.1008	0.0978	0.0351	0.0248	0.0270	0.0190	0.0261	0.0886	0.0086	0.1001	0.0007	0.0110	0.0678	0.0523	0.0263	
0.0250	0.0037	0.0770	0.0149	0.0198	0.0834	0.0613	0.0463	0.0959	0.0740	0.0701	0.0981	0.0384	0.0512	0.0224	0.0202	0.0173	0.0498	0.0707	0.0605	
0.0124	0.0179	0.0133	0.0553	0.0088	0.0474	0.0613	0.0121	0.0577	0.0640	0.0702	0.0793	0.0464	0.0321	0.0663	0.0803	0.0954	0.0129	0.0827	0.0842	

Emissions
0.0763	0.0991	0.1739	0.1138	0.1431	0.0716	0.2519	0.0703	
0.1860	0.1651	0.1709	0.1067	0.1612	0.1661	0.0262	0.0176	
0.2493	0.0915	0.0088	0.1699	0.0758	0.0903	0.2482	0.0663	
0.0046	0.3623	0.1838	0.0132	0.2211	0.1268	0.0761	0.0121	
0.1135	0.1719	0.0484	0.1073	0.0966	0.1063	0.1747	0.1813	
0.1599	0.0965	0.0523	0.1988	0.1324	0.0259	0.1796	0.1547	
0.0358	0.1589	0.2976	0.1058	0.0196	0.0273	0.1039	0.2510	
0.0803	0.0724	0.1507	0.1292	0.1466	0.1932	0.0893	0.1384	
0.0839	0.2391	0.2729	0.0141	0.1299	0.0749	0.0962	0.0890	
0.1315	0.1036	0.0238	0.0113	0.0573	0.0070	0.2065	0.4590	
0.0317	0.2263	0.1613	0.0436	0.0725	0.0996	0.2011	0.1638	
0.1262	0.1398	0.1532	0.1200	0.0242	0.0794	0.0312	0.3260	
0.0016	0.1778	0.1150	0.1373	0.0556	0.1216	0.1847	0.2065	
0.0677	0.2163	0.0860	0.2007	0.0125	0.0961	0.2039	0.1168	
0.1436	0.1281	0.0870	0.1403	0.1272	0.0131	0.1772	0.1835	
0.2227	0.0391	0.1946	0.0563	0.1853	0.2286	0.0529	0.0206	
0.0321	0.0875	0.0104	0.0957	0.1642	0.1761	0.2057	0.2283	
0.2871	0.2984	0.0002	0.2084	0.0337	0.0029	0.1610	0.0083	
0.1079	0.0170	0.1812	0.0717	0.1206	0.0587	0.1986	0.2443	
0.2567	0.2343	0.0374	0.0673	0.0067	0.2255	0.0220	0.1500	
