DataSet 37
Learner: Baum Welch Learner
Log Likelihood: 71365.4896155125

Number of States: 10
Number of Symbols: 8
Threshold: 0.01

Initial Distribution:
0.1254	0.1231	0.0586	0.0015	0.0094	0.1297	0.3156	0.1051	0.0831	0.0485	

Transitions:
0.2341	0.0549	0.0592	0.0240	0.0578	0.1441	0.0036	0.1344	0.1687	0.1193	
0.1315	0.0835	0.1676	0.1337	0.0203	0.0009	0.1391	0.1176	0.0747	0.1311	
0.0767	0.0471	0.1556	0.1271	0.1299	0.0609	0.1531	0.0646	0.0520	0.1331	
0.0234	0.1192	0.1650	0.2432	0.1702	0.0472	0.0524	0.1079	0.0306	0.0410	
0.1406	0.1022	0.0792	0.0558	0.0551	0.1107	0.1522	0.1456	0.1523	0.0063	
0.0613	0.0479	0.0673	0.1450	0.1195	0.1165	0.1057	0.1005	0.0556	0.1808	
0.1386	0.0984	0.0463	0.1446	0.0433	0.0448	0.1719	0.0108	0.1441	0.1573	
0.1623	0.0399	0.1224	0.0520	0.1407	0.1373	0.1987	0.0999	0.0364	0.0105	
0.1352	0.1686	0.1290	0.0568	0.0912	0.1642	0.0321	0.2086	0.0003	0.0140	
0.1754	0.1170	0.0341	0.0536	0.0377	0.0528	0.1196	0.1413	0.2408	0.0278	

Emissions
0.1530	0.3433	0.0007	0.1269	0.0484	0.0211	0.2813	0.0251	
0.2050	0.0030	0.2596	0.1551	0.1347	0.0504	0.1327	0.0595	
0.0371	0.0315	0.2206	0.1237	0.0796	0.0158	0.0448	0.4470	
0.0378	0.2875	0.0488	0.0564	0.0163	0.2252	0.1992	0.1289	
0.1121	0.0338	0.1175	0.1115	0.2428	0.1967	0.0159	0.1696	
0.0140	0.0237	0.0277	0.2219	0.0819	0.2526	0.0359	0.3424	
0.1531	0.3233	0.0214	0.0518	0.0370	0.0577	0.2313	0.1245	
0.1836	0.0945	0.3120	0.1558	0.0054	0.1208	0.0198	0.1081	
0.1204	0.2374	0.0942	0.0423	0.1867	0.0695	0.1328	0.1168	
0.1807	0.0241	0.1706	0.0173	0.2538	0.0180	0.2545	0.0811	
