DataSet 37
Learner: Baum Welch Learner
Log Likelihood: 71245.0482163108

Number of States: 20
Number of Symbols: 8
Threshold: 0.01

Initial Distribution:
0.0231	0.0156	0.0195	0.0868	0.0562	0.0606	0.0548	0.0023	0.0381	0.0114	0.0640	0.0185	0.0232	0.0895	0.0393	0.1324	0.0340	0.1417	0.0377	0.0514	

Transitions:
0.0524	0.0848	0.0912	0.0905	0.0883	0.0573	0.0253	0.0393	0.0318	0.0060	0.0654	0.0233	0.0242	0.0342	0.0320	0.0303	0.0179	0.0785	0.0684	0.0589	
0.0468	0.0913	0.0518	0.1363	0.0130	0.0872	0.0089	0.0046	0.0289	0.0485	0.0697	0.0257	0.0205	0.0623	0.0259	0.0570	0.0324	0.0405	0.0194	0.1293	
0.0274	0.0832	0.0759	0.0577	0.0463	0.0233	0.0742	0.0237	0.0397	0.0822	0.0257	0.0376	0.0885	0.0792	0.0047	0.0613	0.0619	0.0054	0.0847	0.0173	
0.0565	0.0235	0.0184	0.0928	0.0497	0.0476	0.0137	0.0787	0.0168	0.0725	0.0176	0.0770	0.0686	0.0756	0.0319	0.0230	0.0714	0.0628	0.0310	0.0708	
0.0767	0.0779	0.0650	0.0261	0.0052	0.0015	0.0305	0.0311	0.0343	0.0330	0.0730	0.0150	0.0480	0.0885	0.0210	0.0762	0.0606	0.0652	0.0860	0.0850	
0.0087	0.0731	0.0030	0.0415	0.0529	0.0283	0.0496	0.0825	0.0380	0.0531	0.0719	0.0671	0.0527	0.0779	0.0295	0.0445	0.0405	0.0680	0.0687	0.0486	
0.0137	0.0656	0.0508	0.0883	0.0076	0.0033	0.0389	0.0810	0.0700	0.0377	0.0552	0.0122	0.0822	0.0433	0.0608	0.0601	0.0753	0.0171	0.0655	0.0713	
0.0408	0.0364	0.0883	0.0591	0.0500	0.0770	0.0383	0.0512	0.0608	0.0438	0.0314	0.0704	0.0867	0.0304	0.0667	0.0171	0.0374	0.0174	0.0386	0.0579	
0.1082	0.0805	0.0312	0.0032	0.0170	0.0829	0.0041	0.0285	0.0342	0.0644	0.1058	0.0440	0.0316	0.0223	0.0226	0.0645	0.1047	0.0915	0.0419	0.0170	
0.0557	0.0891	0.0311	0.0194	0.0082	0.0642	0.0250	0.0546	0.0765	0.0498	0.0341	0.0525	0.0897	0.0034	0.0759	0.0515	0.0168	0.0767	0.0528	0.0730	
0.0950	0.0238	0.0216	0.1041	0.0561	0.0886	0.0564	0.0696	0.0127	0.0081	0.0281	0.0541	0.0894	0.0247	0.0065	0.0729	0.0434	0.0083	0.0947	0.0418	
0.0521	0.0502	0.0699	0.0946	0.0308	0.0307	0.0602	0.0262	0.0441	0.0684	0.0630	0.0117	0.0548	0.0760	0.0260	0.0267	0.0867	0.0315	0.0775	0.0190	
0.0145	0.0558	0.0434	0.0639	0.0228	0.0655	0.0631	0.0578	0.1173	0.0993	0.0147	0.0063	0.0982	0.0053	0.0231	0.0306	0.0677	0.0395	0.0859	0.0253	
0.0353	0.0377	0.0405	0.0710	0.0664	0.0183	0.0150	0.0257	0.1319	0.0941	0.0133	0.0178	0.0616	0.1017	0.0301	0.0833	0.0140	0.0032	0.0770	0.0620	
0.0704	0.0063	0.0311	0.0488	0.0567	0.0504	0.0227	0.0460	0.0492	0.1009	0.0732	0.0353	0.0687	0.0446	0.0895	0.0695	0.0351	0.0934	0.0039	0.0041	
0.0618	0.0477	0.0631	0.0212	0.0897	0.0870	0.0610	0.0107	0.0880	0.0472	0.0270	0.0637	0.0939	0.0303	0.0663	0.0208	0.0115	0.0970	0.0065	0.0054	
0.0862	0.0654	0.0827	0.0095	0.0149	0.0644	0.0513	0.0102	0.1016	0.0487	0.0511	0.0195	0.1023	0.0558	0.0758	0.0044	0.0490	0.0060	0.0537	0.0476	
0.0813	0.0085	0.0554	0.0863	0.0537	0.0828	0.0452	0.0268	0.0651	0.0560	0.0580	0.0300	0.0754	0.0900	0.0075	0.0658	0.0579	0.0406	0.0039	0.0097	
0.0438	0.0523	0.0238	0.0350	0.1119	0.0035	0.0664	0.0342	0.0530	0.0719	0.0858	0.0043	0.0569	0.0690	0.0174	0.0842	0.0153	0.0954	0.0572	0.0187	
0.0358	0.0377	0.0579	0.0384	0.1198	0.0201	0.0508	0.0023	0.0725	0.1374	0.0504	0.0001	0.0033	0.0580	0.0141	0.0473	0.1261	0.0417	0.0011	0.0851	

Emissions
0.0694	0.0764	0.2299	0.0228	0.1883	0.1059	0.2294	0.0778	
0.1272	0.0897	0.2404	0.1282	0.0065	0.1668	0.2131	0.0282	
0.0141	0.2859	0.1133	0.1222	0.1091	0.0898	0.1518	0.1138	
0.0760	0.2673	0.0033	0.0151	0.0909	0.0989	0.2387	0.2098	
0.2379	0.3130	0.1786	0.0042	0.0821	0.0450	0.0840	0.0553	
0.1058	0.0820	0.0672	0.0893	0.0712	0.1367	0.3832	0.0646	
0.1225	0.0082	0.0619	0.2227	0.1531	0.0333	0.2033	0.1950	
0.0532	0.1555	0.2690	0.0261	0.1251	0.1474	0.2052	0.0185	
0.0651	0.2926	0.1531	0.0330	0.0112	0.1124	0.1311	0.2017	
0.1084	0.1099	0.1696	0.0813	0.1010	0.1250	0.0555	0.2493	
0.1314	0.2323	0.0787	0.0840	0.0632	0.1016	0.1769	0.1318	
0.1609	0.0341	0.1934	0.1878	0.0984	0.0246	0.1651	0.1357	
0.0807	0.0545	0.2443	0.0667	0.1449	0.1468	0.0182	0.2439	
0.1000	0.1742	0.0661	0.1798	0.1390	0.0614	0.0703	0.2092	
0.0852	0.0800	0.1216	0.2161	0.0891	0.0737	0.1911	0.1432	
0.2676	0.0858	0.0482	0.2416	0.0447	0.1063	0.0907	0.1151	
0.1619	0.0584	0.0450	0.0674	0.1636	0.1732	0.0104	0.3201	
0.1717	0.2210	0.0136	0.2115	0.0818	0.0384	0.1768	0.0852	
0.1442	0.2304	0.1269	0.0487	0.1129	0.1054	0.0069	0.2245	
0.1365	0.2136	0.0812	0.1149	0.1207	0.0167	0.1224	0.1941	
