DataSet 37
Learner: Baum Welch Learner
Log Likelihood: 71271.3943539687

Number of States: 20
Number of Symbols: 8
Threshold: 0.01

Initial Distribution:
0.0596	0.0054	0.0304	0.0566	0.0169	0.0132	0.0621	0.0178	0.0588	0.0953	0.1555	0.0074	0.0209	0.0734	0.0216	0.0146	0.0928	0.0469	0.0523	0.0984	

Transitions:
0.0153	0.0603	0.0215	0.0049	0.0095	0.0546	0.0491	0.0827	0.0467	0.0834	0.0761	0.0593	0.0739	0.0311	0.0784	0.0251	0.0746	0.0471	0.0698	0.0366	
0.0644	0.0672	0.0687	0.0707	0.0580	0.0691	0.0417	0.0605	0.0257	0.0382	0.0032	0.0435	0.0282	0.0129	0.0637	0.0616	0.0588	0.0545	0.0506	0.0591	
0.0477	0.0957	0.0776	0.0933	0.0999	0.0194	0.0205	0.0903	0.0014	0.0113	0.0282	0.0351	0.0406	0.0286	0.1082	0.0249	0.1027	0.0280	0.0313	0.0153	
0.0092	0.0763	0.0568	0.0069	0.0964	0.0335	0.0294	0.0661	0.0536	0.0924	0.0404	0.0020	0.0779	0.0885	0.0922	0.0009	0.0330	0.0855	0.0084	0.0505	
0.0615	0.0639	0.0802	0.0277	0.0248	0.0633	0.0177	0.0094	0.0191	0.0494	0.0810	0.0496	0.0460	0.0512	0.0759	0.0621	0.0446	0.0476	0.0849	0.0402	
0.0870	0.0495	0.0218	0.0023	0.0708	0.0307	0.0493	0.0527	0.0371	0.0936	0.0874	0.0960	0.0210	0.0762	0.0449	0.0354	0.0115	0.0233	0.0876	0.0221	
0.0232	0.0243	0.0592	0.0069	0.0041	0.0989	0.0513	0.0365	0.0202	0.0292	0.0551	0.0899	0.0095	0.0680	0.0807	0.0302	0.0646	0.0712	0.0750	0.1020	
0.0262	0.0716	0.0939	0.0321	0.0794	0.0045	0.0354	0.0925	0.0168	0.0438	0.0520	0.0221	0.0727	0.0694	0.0282	0.0712	0.0043	0.0115	0.1049	0.0675	
0.0756	0.0131	0.0321	0.0104	0.0409	0.0099	0.0873	0.0670	0.0065	0.0141	0.0774	0.0424	0.0646	0.0847	0.1089	0.0537	0.0524	0.0171	0.0421	0.1000	
0.0629	0.0732	0.0191	0.0850	0.0812	0.0365	0.0096	0.0475	0.0373	0.0014	0.0208	0.0499	0.0767	0.0973	0.0143	0.0156	0.0496	0.0643	0.0980	0.0597	
0.0201	0.0762	0.0739	0.0034	0.0606	0.0159	0.0544	0.0810	0.0732	0.0735	0.0171	0.0841	0.0764	0.0905	0.0036	0.0140	0.0913	0.0463	0.0402	0.0045	
0.0808	0.0358	0.0190	0.0052	0.0900	0.0274	0.0638	0.0598	0.0657	0.0694	0.0071	0.0763	0.0248	0.0709	0.0767	0.0779	0.0853	0.0091	0.0092	0.0460	
0.0552	0.0235	0.0642	0.0561	0.0714	0.0298	0.0597	0.0677	0.0721	0.0788	0.0118	0.0747	0.0207	0.0624	0.0538	0.0644	0.0472	0.0491	0.0102	0.0275	
0.0461	0.0004	0.0031	0.0952	0.0691	0.0339	0.0623	0.0988	0.0214	0.0162	0.0193	0.0911	0.0429	0.0850	0.0343	0.0733	0.0781	0.0503	0.0235	0.0556	
0.0480	0.0852	0.0740	0.0797	0.0674	0.0160	0.0567	0.0453	0.0204	0.0918	0.0245	0.0255	0.0892	0.0644	0.0054	0.0695	0.0259	0.0644	0.0020	0.0445	
0.0685	0.0775	0.0576	0.0836	0.0843	0.0296	0.0544	0.0425	0.0496	0.0815	0.0031	0.0053	0.0446	0.0551	0.0848	0.0527	0.0346	0.0210	0.0260	0.0438	
0.0561	0.0119	0.0606	0.0185	0.0758	0.0696	0.0718	0.0560	0.0611	0.0475	0.0330	0.0822	0.0388	0.0574	0.0675	0.0604	0.0359	0.0666	0.0011	0.0283	
0.0565	0.0180	0.0913	0.0334	0.0938	0.0210	0.0711	0.0371	0.0829	0.0435	0.0305	0.0030	0.0417	0.0484	0.0722	0.0561	0.0169	0.0228	0.0856	0.0742	
0.0371	0.0796	0.0700	0.1048	0.0475	0.0038	0.0558	0.0819	0.0696	0.0058	0.0106	0.0495	0.0204	0.0848	0.0860	0.0537	0.0281	0.0259	0.0272	0.0582	
0.0085	0.0394	0.0667	0.0256	0.0169	0.0348	0.0422	0.0862	0.0737	0.0139	0.0427	0.0121	0.0789	0.0118	0.0862	0.0722	0.0550	0.0749	0.0825	0.0758	

Emissions
0.1715	0.0203	0.1134	0.1642	0.0721	0.1407	0.1660	0.1519	
0.1231	0.0784	0.1275	0.1177	0.0050	0.0738	0.1797	0.2950	
0.0337	0.0972	0.1870	0.0028	0.1268	0.1204	0.2251	0.2069	
0.1269	0.2575	0.0773	0.0112	0.1574	0.1220	0.1751	0.0725	
0.0638	0.0963	0.2285	0.0058	0.1788	0.1484	0.1975	0.0810	
0.1097	0.2590	0.0515	0.1004	0.1750	0.1172	0.0269	0.1602	
0.1258	0.3293	0.1355	0.0908	0.0390	0.1577	0.0971	0.0249	
0.0454	0.2598	0.0990	0.0541	0.0677	0.1327	0.1226	0.2186	
0.1649	0.0252	0.1423	0.2284	0.1238	0.1565	0.0296	0.1293	
0.1129	0.1440	0.0638	0.1468	0.0818	0.0184	0.1968	0.2355	
0.2630	0.2507	0.0545	0.2447	0.0317	0.0509	0.0282	0.0763	
0.1120	0.1667	0.1694	0.0867	0.0677	0.0732	0.1476	0.1767	
0.0818	0.1535	0.1216	0.1648	0.0076	0.1228	0.0523	0.2956	
0.2018	0.1032	0.1717	0.1368	0.0999	0.1103	0.1387	0.0376	
0.0321	0.1630	0.1677	0.0624	0.0215	0.1344	0.1513	0.2676	
0.1336	0.0522	0.1708	0.0687	0.1718	0.0364	0.1620	0.2045	
0.1723	0.2011	0.0526	0.0234	0.1778	0.0163	0.2309	0.1256	
0.1614	0.2715	0.0132	0.1361	0.1114	0.0691	0.1902	0.0470	
0.0382	0.1533	0.1117	0.1608	0.1611	0.0790	0.1466	0.1493	
0.1843	0.1082	0.0990	0.1555	0.1094	0.0622	0.1336	0.1478	
