DataSet 37
Learner: Baum Welch Learner
Log Likelihood: 71270.5344938132

Number of States: 10
Number of Symbols: 8
Threshold: 0.01

Initial Distribution:
0.0703	0.0201	0.1105	0.0106	0.0945	0.1920	0.3433	0.0498	0.0313	0.0777	

Transitions:
0.0502	0.1280	0.1396	0.0355	0.0610	0.1283	0.1679	0.1209	0.0453	0.1233	
0.0841	0.1246	0.1597	0.0846	0.0789	0.1138	0.0610	0.0215	0.1321	0.1399	
0.1003	0.0815	0.0740	0.0764	0.0728	0.1322	0.1302	0.1051	0.1103	0.1172	
0.1062	0.0593	0.0513	0.0921	0.0207	0.1531	0.1336	0.1140	0.1012	0.1685	
0.0305	0.0405	0.1781	0.0056	0.1389	0.1430	0.0328	0.1678	0.1006	0.1622	
0.1040	0.2156	0.0285	0.0653	0.1275	0.1713	0.0207	0.0336	0.1161	0.1175	
0.0938	0.1731	0.1564	0.0820	0.1569	0.0455	0.0611	0.0590	0.0598	0.1122	
0.1324	0.1061	0.0714	0.0159	0.0989	0.1119	0.1165	0.0606	0.1206	0.1657	
0.1374	0.0159	0.1061	0.0442	0.0597	0.1708	0.0364	0.1604	0.1811	0.0881	
0.2196	0.2061	0.0675	0.0789	0.0597	0.0549	0.0883	0.0696	0.0095	0.1458	

Emissions
0.0467	0.1844	0.1462	0.1251	0.1753	0.1836	0.1338	0.0049	
0.0765	0.1597	0.2415	0.0556	0.0440	0.0934	0.1968	0.1323	
0.1539	0.2026	0.0468	0.0449	0.0165	0.0748	0.1758	0.2846	
0.1490	0.0617	0.1527	0.0266	0.1862	0.1152	0.1403	0.1684	
0.1031	0.1051	0.1614	0.1893	0.1108	0.0985	0.1226	0.1092	
0.2103	0.0855	0.0893	0.0215	0.1565	0.0463	0.1908	0.1999	
0.2072	0.1838	0.0491	0.2179	0.0207	0.0841	0.1231	0.1142	
0.1170	0.2606	0.0231	0.1370	0.1953	0.0763	0.0905	0.1000	
0.0958	0.1142	0.0626	0.1152	0.1558	0.1648	0.0119	0.2796	
0.0594	0.1923	0.2054	0.1209	0.0126	0.0688	0.1863	0.1543	
