DataSet 37
Learner: Baum Welch Learner
Log Likelihood: 71374.9304498172

Number of States: 10
Number of Symbols: 8
Threshold: 0.01

Initial Distribution:
0.1400	0.1175	0.1143	0.0424	0.1574	0.1178	0.0569	0.1010	0.0010	0.1517	

Transitions:
0.1016	0.1659	0.0988	0.1295	0.1593	0.0447	0.0046	0.0276	0.0924	0.1756	
0.1626	0.0701	0.1310	0.1421	0.1098	0.1394	0.0869	0.0634	0.0045	0.0902	
0.0999	0.1207	0.1374	0.0503	0.0971	0.1099	0.0817	0.1271	0.0494	0.1264	
0.0128	0.1005	0.1686	0.1923	0.0206	0.0081	0.0928	0.1114	0.1832	0.1098	
0.1252	0.1357	0.1447	0.0937	0.1072	0.0906	0.0158	0.1488	0.1105	0.0278	
0.0865	0.0175	0.2133	0.1941	0.0435	0.2950	0.0019	0.0699	0.0037	0.0746	
0.1074	0.0178	0.1304	0.0922	0.1433	0.0782	0.1016	0.1197	0.1203	0.0892	
0.0513	0.1562	0.0986	0.0913	0.1211	0.1964	0.0055	0.0860	0.1545	0.0393	
0.1129	0.1066	0.0534	0.0278	0.1307	0.0046	0.2280	0.0767	0.1829	0.0765	
0.0066	0.0434	0.1231	0.1434	0.1831	0.1864	0.0208	0.0780	0.1614	0.0538	

Emissions
0.2408	0.1354	0.0661	0.0154	0.1963	0.1034	0.1609	0.0817	
0.1722	0.0801	0.1579	0.1284	0.0932	0.1654	0.1349	0.0679	
0.1286	0.1845	0.1755	0.1443	0.0701	0.0270	0.1700	0.1001	
0.0839	0.0195	0.0613	0.1395	0.0978	0.1667	0.1613	0.2700	
0.2224	0.2098	0.0742	0.0950	0.0902	0.0656	0.0846	0.1583	
0.0661	0.2013	0.0849	0.0944	0.0989	0.0721	0.1232	0.2591	
0.0082	0.1781	0.1565	0.0591	0.0612	0.1221	0.1354	0.2793	
0.0798	0.3156	0.1162	0.1712	0.0268	0.1457	0.1252	0.0197	
0.0761	0.0071	0.2297	0.0159	0.1159	0.0694	0.1908	0.2951	
0.1023	0.2421	0.1011	0.1622	0.1325	0.0681	0.1496	0.0422	
