DataSet 37
Learner: Baum Welch Learner
Log Likelihood: 71318.3140991237

Number of States: 10
Number of Symbols: 8
Threshold: 0.01

Initial Distribution:
0.0499	0.0678	0.1326	0.1416	0.2358	0.0559	0.0366	0.1136	0.0976	0.0685	

Transitions:
0.1968	0.0759	0.1416	0.0914	0.0160	0.1490	0.0641	0.0830	0.0341	0.1481	
0.1263	0.1112	0.0275	0.1418	0.1362	0.0483	0.1862	0.1287	0.0661	0.0277	
0.0401	0.0311	0.1000	0.1121	0.1097	0.1544	0.2517	0.1598	0.0293	0.0119	
0.1527	0.1466	0.0751	0.0367	0.0698	0.0820	0.1879	0.0065	0.1144	0.1284	
0.0996	0.0622	0.0386	0.2300	0.1006	0.1888	0.0980	0.0079	0.0040	0.1703	
0.0855	0.0745	0.1087	0.0901	0.0374	0.1216	0.1847	0.0419	0.1727	0.0829	
0.1636	0.1149	0.0580	0.0210	0.1423	0.1486	0.0354	0.1677	0.0680	0.0806	
0.0543	0.1282	0.0300	0.0994	0.0967	0.1224	0.1498	0.0654	0.1507	0.1031	
0.0470	0.1501	0.1020	0.0842	0.0827	0.0620	0.0291	0.1500	0.1704	0.1226	
0.1183	0.1441	0.0187	0.0263	0.1608	0.1572	0.2249	0.0105	0.0035	0.1357	

Emissions
0.0969	0.1167	0.1589	0.0926	0.0459	0.2123	0.0666	0.2102	
0.1453	0.1248	0.1939	0.0785	0.0512	0.1055	0.0744	0.2265	
0.2079	0.2715	0.0906	0.0930	0.1095	0.0814	0.0144	0.1317	
0.1581	0.1776	0.1162	0.0159	0.1082	0.0121	0.2522	0.1596	
0.1954	0.2426	0.0394	0.3155	0.0567	0.0343	0.1105	0.0056	
0.0362	0.0689	0.0815	0.1274	0.2114	0.0401	0.1720	0.2626	
0.1242	0.2165	0.1464	0.0042	0.0694	0.1588	0.2147	0.0658	
0.1098	0.0243	0.1844	0.1553	0.1752	0.0634	0.0864	0.2011	
0.0606	0.2174	0.1396	0.1135	0.0166	0.0979	0.2019	0.1525	
0.1052	0.1280	0.0649	0.0693	0.1342	0.1503	0.1985	0.1496	
