DataSet 37
Learner: Baum Welch Learner
Log Likelihood: 71215.9384877539

Number of States: 30
Number of Symbols: 8
Threshold: 0.01

Initial Distribution:
0.0432	0.0200	0.0695	0.0283	0.0138	0.0137	0.1176	0.0162	0.0062	0.0025	0.0851	0.0009	0.0046	0.0117	0.0298	0.0259	0.0193	0.0382	0.1012	0.0520	0.0225	0.0310	0.0270	0.0707	0.0125	0.0047	0.0510	0.0373	0.0254	0.0183	

Transitions:
0.0271	0.0166	0.0547	0.0427	0.0216	0.0572	0.0121	0.0508	0.0400	0.0164	0.0141	0.0191	0.0214	0.0393	0.0253	0.0583	0.0574	0.0441	0.0484	0.0145	0.0454	0.0263	0.0051	0.0175	0.0077	0.0480	0.0524	0.0611	0.0382	0.0171	
0.0515	0.0542	0.0544	0.0513	0.0368	0.0342	0.0074	0.0289	0.0488	0.0511	0.0360	0.0426	0.0538	0.0222	0.0321	0.0596	0.0216	0.0414	0.0226	0.0225	0.0164	0.0513	0.0047	0.0067	0.0360	0.0030	0.0097	0.0335	0.0338	0.0320	
0.0636	0.0158	0.0124	0.0288	0.0274	0.0289	0.0244	0.0432	0.0029	0.0607	0.0485	0.0268	0.0584	0.0024	0.0440	0.0697	0.0368	0.0539	0.0510	0.0134	0.0292	0.0207	0.0375	0.0100	0.0007	0.0058	0.0538	0.0648	0.0216	0.0427	
0.0265	0.0345	0.0618	0.0209	0.0658	0.0320	0.0418	0.0495	0.0017	0.0116	0.0345	0.0536	0.0412	0.0413	0.0447	0.0623	0.0010	0.0036	0.0336	0.0427	0.0425	0.0329	0.0523	0.0233	0.0124	0.0433	0.0415	0.0018	0.0270	0.0183	
0.0395	0.0333	0.0165	0.0331	0.0287	0.0148	0.0313	0.0419	0.0074	0.0104	0.0166	0.0540	0.0426	0.0420	0.0396	0.0367	0.0467	0.0688	0.0284	0.0086	0.0044	0.0506	0.0177	0.0396	0.0737	0.0649	0.0408	0.0397	0.0087	0.0189	
0.0507	0.0377	0.0174	0.0536	0.0422	0.0051	0.0401	0.0140	0.0137	0.0359	0.0245	0.0334	0.0586	0.0286	0.0244	0.0525	0.0617	0.0200	0.0427	0.0432	0.0006	0.0511	0.0335	0.0167	0.0160	0.0544	0.0131	0.0449	0.0383	0.0314	
0.0317	0.0576	0.0257	0.0530	0.0240	0.0399	0.0358	0.0619	0.0621	0.0360	0.0585	0.0287	0.0455	0.0003	0.0433	0.0371	0.0533	0.0571	0.0127	0.0095	0.0117	0.0273	0.0496	0.0329	0.0180	0.0011	0.0031	0.0014	0.0375	0.0440	
0.0585	0.0654	0.0459	0.0578	0.0749	0.0400	0.0065	0.0090	0.0031	0.0586	0.0146	0.0596	0.0189	0.0137	0.0494	0.0410	0.0014	0.0426	0.0316	0.0463	0.0025	0.0281	0.0267	0.0281	0.0236	0.0065	0.0052	0.0702	0.0432	0.0269	
0.0338	0.0315	0.0220	0.0157	0.0444	0.0601	0.0459	0.0687	0.0033	0.0152	0.0248	0.0385	0.0447	0.0295	0.0549	0.0208	0.0105	0.0406	0.0434	0.0410	0.0001	0.0308	0.0284	0.0506	0.0466	0.0283	0.0300	0.0164	0.0289	0.0507	
0.0298	0.0159	0.0413	0.0563	0.0119	0.0540	0.0322	0.0016	0.0352	0.0582	0.0471	0.0022	0.0342	0.0216	0.0124	0.0270	0.0469	0.0734	0.0306	0.0678	0.0720	0.0332	0.0044	0.0536	0.0304	0.0072	0.0018	0.0363	0.0432	0.0183	
0.0273	0.0421	0.0420	0.0158	0.0655	0.0192	0.0115	0.0109	0.0246	0.0183	0.0603	0.0097	0.0122	0.0076	0.0003	0.0772	0.0010	0.0196	0.0529	0.0257	0.0742	0.0496	0.0579	0.0350	0.0725	0.0751	0.0095	0.0505	0.0277	0.0040	
0.0479	0.0003	0.0360	0.0195	0.0267	0.0134	0.0353	0.0261	0.0315	0.0747	0.0121	0.0304	0.0394	0.0162	0.0054	0.0602	0.0218	0.0769	0.0555	0.0284	0.0057	0.0579	0.0484	0.0111	0.0274	0.0577	0.0465	0.0024	0.0212	0.0640	
0.0063	0.0238	0.0437	0.0170	0.0351	0.0528	0.0348	0.0615	0.0418	0.0480	0.0223	0.0365	0.0422	0.0501	0.0108	0.0282	0.0050	0.0357	0.0214	0.0074	0.0387	0.0114	0.0441	0.0487	0.0592	0.0497	0.0161	0.0181	0.0559	0.0337	
0.0295	0.0304	0.0014	0.0384	0.0522	0.0509	0.0393	0.0214	0.0413	0.0155	0.0081	0.0233	0.0103	0.0000	0.0556	0.0238	0.0652	0.0607	0.0545	0.0576	0.0442	0.0077	0.0368	0.0091	0.0112	0.0588	0.0314	0.0564	0.0210	0.0440	
0.0430	0.0259	0.0003	0.0148	0.0297	0.0000	0.0528	0.0222	0.0077	0.0386	0.0639	0.0587	0.0001	0.0175	0.0011	0.0285	0.0029	0.0729	0.0015	0.0472	0.0757	0.0397	0.0236	0.0069	0.0815	0.0240	0.0565	0.0655	0.0354	0.0621	
0.0078	0.0398	0.0532	0.0546	0.0371	0.0457	0.0175	0.0650	0.0320	0.0495	0.0307	0.0332	0.0370	0.0282	0.0547	0.0524	0.0071	0.0205	0.0057	0.0382	0.0492	0.0422	0.0423	0.0355	0.0455	0.0032	0.0008	0.0510	0.0166	0.0036	
0.0093	0.0519	0.0626	0.0202	0.0254	0.0105	0.0571	0.0082	0.0434	0.0192	0.0024	0.0047	0.0187	0.0080	0.0722	0.0178	0.0753	0.0642	0.0084	0.0054	0.0154	0.0378	0.0511	0.0518	0.0798	0.0328	0.0628	0.0255	0.0116	0.0466	
0.0438	0.0253	0.0430	0.0347	0.0503	0.0527	0.0496	0.0315	0.0124	0.0542	0.0030	0.0013	0.0440	0.0524	0.0445	0.0520	0.0293	0.0469	0.0385	0.0302	0.0164	0.0121	0.0448	0.0102	0.0560	0.0397	0.0017	0.0104	0.0183	0.0509	
0.0154	0.0370	0.0682	0.0013	0.0338	0.0420	0.0256	0.0529	0.0229	0.0089	0.0282	0.0248	0.0424	0.0188	0.0009	0.0138	0.0512	0.0714	0.0582	0.0110	0.0770	0.0123	0.0393	0.0476	0.0246	0.0382	0.0364	0.0347	0.0512	0.0099	
0.0530	0.0444	0.0122	0.0239	0.0440	0.0369	0.0053	0.0574	0.0247	0.0084	0.0286	0.0471	0.0261	0.0389	0.0097	0.0610	0.0442	0.0361	0.0102	0.0430	0.0631	0.0085	0.0154	0.0091	0.0631	0.0027	0.0516	0.0215	0.0503	0.0597	
0.0635	0.0571	0.0015	0.0125	0.0216	0.0490	0.0099	0.0202	0.0444	0.0325	0.0069	0.0608	0.0353	0.0562	0.0516	0.0210	0.0571	0.0664	0.0288	0.0241	0.0648	0.0091	0.0235	0.0027	0.0183	0.0517	0.0294	0.0027	0.0357	0.0416	
0.0314	0.0394	0.0025	0.0275	0.0075	0.0394	0.0374	0.0169	0.0174	0.0272	0.0370	0.0163	0.0459	0.0368	0.0301	0.0557	0.0408	0.0258	0.0223	0.0306	0.0162	0.0578	0.0425	0.0186	0.0572	0.0475	0.0238	0.0552	0.0598	0.0334	
0.0139	0.0078	0.0488	0.0046	0.0572	0.0236	0.0576	0.0046	0.0429	0.0022	0.0343	0.0306	0.0396	0.0626	0.0387	0.0440	0.0190	0.0448	0.0292	0.0205	0.0055	0.0668	0.0351	0.0546	0.0211	0.0423	0.0513	0.0455	0.0348	0.0163	
0.0099	0.0369	0.0215	0.0468	0.0175	0.0439	0.0322	0.0561	0.0486	0.0107	0.0494	0.0309	0.0455	0.0232	0.0013	0.0469	0.0250	0.0538	0.0387	0.0179	0.0345	0.0483	0.0242	0.0394	0.0321	0.0129	0.0293	0.0577	0.0519	0.0129	
0.0290	0.0142	0.0381	0.0312	0.0641	0.0633	0.0101	0.0750	0.0476	0.0681	0.0059	0.0315	0.0534	0.0228	0.0245	0.0397	0.0180	0.0108	0.0524	0.0329	0.0224	0.0018	0.0628	0.0128	0.0506	0.0270	0.0159	0.0549	0.0163	0.0029	
0.0080	0.0479	0.0006	0.0490	0.0557	0.0610	0.0678	0.0304	0.0418	0.0140	0.0423	0.0278	0.0114	0.0592	0.0150	0.0065	0.0783	0.0108	0.0159	0.0694	0.0001	0.0302	0.0009	0.0181	0.0713	0.0320	0.0148	0.0272	0.0575	0.0351	
0.0349	0.0222	0.0412	0.0389	0.0489	0.0271	0.0297	0.0115	0.0361	0.0382	0.0337	0.0538	0.0336	0.0368	0.0449	0.0543	0.0553	0.0154	0.0504	0.0371	0.0235	0.0073	0.0269	0.0180	0.0026	0.0379	0.0323	0.0422	0.0490	0.0165	
0.0338	0.0342	0.0395	0.0067	0.0386	0.0153	0.0432	0.0367	0.0564	0.0526	0.0336	0.0514	0.0314	0.0408	0.0238	0.0082	0.0607	0.0218	0.0210	0.0611	0.0355	0.0618	0.0200	0.0107	0.0062	0.0274	0.0482	0.0299	0.0421	0.0077	
0.0488	0.0474	0.0265	0.0217	0.0012	0.0659	0.0151	0.0360	0.0067	0.0442	0.0135	0.0222	0.0199	0.0153	0.0680	0.0407	0.0433	0.0562	0.0480	0.0558	0.0588	0.0231	0.0224	0.0513	0.0522	0.0388	0.0160	0.0317	0.0012	0.0080	
0.0207	0.0145	0.0547	0.0525	0.0658	0.0598	0.0251	0.0170	0.0421	0.0359	0.0541	0.0227	0.0132	0.0462	0.0421	0.0125	0.0487	0.0094	0.0085	0.0351	0.0569	0.0041	0.0363	0.0516	0.0158	0.0277	0.0206	0.0395	0.0388	0.0284	

Emissions
0.1291	0.2300	0.0768	0.1720	0.0507	0.1321	0.1078	0.1014	
0.1187	0.1165	0.0937	0.1388	0.0775	0.1342	0.0075	0.3131	
0.0454	0.3006	0.0213	0.1760	0.1941	0.0228	0.0997	0.1401	
0.0825	0.1215	0.1400	0.0395	0.1306	0.0996	0.1489	0.2373	
0.1413	0.0794	0.2338	0.0206	0.1808	0.0435	0.1092	0.1914	
0.1617	0.0640	0.2506	0.0008	0.0766	0.1090	0.2548	0.0826	
0.2394	0.2246	0.0376	0.1954	0.0692	0.0050	0.1263	0.1026	
0.0849	0.2843	0.1546	0.0104	0.0604	0.0536	0.2007	0.1510	
0.0923	0.0954	0.1639	0.1158	0.0839	0.1316	0.1409	0.1762	
0.0484	0.1558	0.3106	0.1071	0.0587	0.0725	0.0439	0.2029	
0.1508	0.1329	0.0565	0.2963	0.0331	0.1010	0.0835	0.1459	
0.1200	0.1061	0.2481	0.1476	0.1081	0.0733	0.1025	0.0943	
0.0374	0.0472	0.0948	0.1276	0.1558	0.1616	0.1807	0.1949	
0.2256	0.2020	0.1731	0.0177	0.0483	0.1854	0.0966	0.0512	
0.2112	0.0191	0.1259	0.0064	0.1634	0.1474	0.1270	0.1996	
0.0142	0.0510	0.0984	0.0801	0.0761	0.1798	0.1600	0.3403	
0.0123	0.2118	0.1375	0.0239	0.2056	0.0292	0.2538	0.1258	
0.1281	0.1960	0.1883	0.1388	0.0421	0.0354	0.0908	0.1807	
0.3344	0.1869	0.0203	0.1232	0.1263	0.0499	0.0990	0.0601	
0.1730	0.1406	0.1584	0.1718	0.0987	0.0719	0.1351	0.0506	
0.0156	0.3039	0.0142	0.1885	0.0959	0.0507	0.0699	0.2613	
0.0664	0.1007	0.1049	0.0985	0.0069	0.1563	0.2252	0.2411	
0.1376	0.1592	0.0595	0.1353	0.1128	0.1538	0.0705	0.1713	
0.0924	0.1408	0.0926	0.2409	0.0486	0.0250	0.3316	0.0282	
0.0112	0.2485	0.1693	0.0994	0.0371	0.1232	0.1251	0.1862	
0.0513	0.1656	0.0755	0.0656	0.1768	0.1980	0.0582	0.2090	
0.3040	0.0973	0.0179	0.0442	0.0662	0.1861	0.2621	0.0223	
0.1269	0.1702	0.1385	0.0247	0.1941	0.1349	0.1869	0.0238	
0.1002	0.1722	0.0962	0.0794	0.0332	0.0031	0.2113	0.3044	
0.1831	0.1598	0.1165	0.0273	0.1331	0.1376	0.2031	0.0396	
