DataSet 43
Learner: Baum Welch Learner
Log Likelihood: 39212.3843436516

Number of States: 20
Number of Symbols: 5
Threshold: 0.01

Initial Distribution:
0.0093	0.0843	0.0147	0.0730	0.1068	0.0108	0.0079	0.0651	0.1109	0.1138	0.0053	0.1047	0.0129	0.0449	0.0070	0.0012	0.1277	0.0063	0.0250	0.0683	

Transitions:
0.0852	0.0844	0.0646	0.0725	0.0597	0.0506	0.0662	0.0530	0.0128	0.0538	0.0790	0.0092	0.0426	0.0602	0.0039	0.0060	0.0743	0.0604	0.0480	0.0137	
0.0814	0.1230	0.0258	0.0603	0.0071	0.0246	0.0515	0.0455	0.0414	0.0538	0.0475	0.0447	0.0719	0.0177	0.0688	0.0227	0.0929	0.0280	0.0881	0.0034	
0.0455	0.0453	0.0298	0.0229	0.1044	0.0844	0.0206	0.0437	0.0663	0.0013	0.0088	0.0831	0.0568	0.0243	0.0765	0.0022	0.0689	0.0184	0.1256	0.0714	
0.0566	0.0422	0.0362	0.0776	0.0194	0.0425	0.0613	0.0459	0.0031	0.0911	0.0277	0.0726	0.0007	0.0639	0.1054	0.0677	0.0781	0.0101	0.0821	0.0156	
0.0087	0.0008	0.0835	0.0369	0.0337	0.0448	0.0940	0.0429	0.0508	0.0548	0.0677	0.0538	0.0359	0.0395	0.0590	0.1058	0.0049	0.0414	0.1028	0.0382	
0.0501	0.0850	0.0386	0.0768	0.0680	0.0263	0.0907	0.0060	0.0276	0.0042	0.0298	0.0478	0.0499	0.0804	0.0607	0.0518	0.0508	0.0728	0.0334	0.0493	
0.0530	0.1422	0.0699	0.0356	0.0199	0.0489	0.0360	0.0798	0.0784	0.0972	0.0428	0.0227	0.0127	0.0211	0.0705	0.0335	0.0732	0.0018	0.0552	0.0055	
0.1010	0.0819	0.0176	0.0604	0.0356	0.0045	0.0114	0.0670	0.0749	0.0123	0.0482	0.0157	0.0226	0.0552	0.0846	0.0557	0.0836	0.0855	0.0597	0.0225	
0.0149	0.0131	0.0268	0.0643	0.0713	0.0057	0.0638	0.0399	0.0043	0.0287	0.1433	0.0628	0.0373	0.0454	0.0916	0.1390	0.0900	0.0269	0.0067	0.0241	
0.0401	0.0475	0.0768	0.0645	0.0341	0.0218	0.0919	0.0517	0.0358	0.0146	0.0342	0.0518	0.0380	0.0346	0.0838	0.0712	0.0465	0.0554	0.0814	0.0242	
0.0556	0.0725	0.0559	0.0441	0.0220	0.0572	0.0797	0.0767	0.0645	0.0749	0.0594	0.0520	0.0711	0.0323	0.0688	0.0490	0.0138	0.0267	0.0017	0.0219	
0.0086	0.0739	0.0854	0.0836	0.0769	0.0143	0.0059	0.0852	0.0258	0.0736	0.0221	0.0080	0.0239	0.0841	0.0564	0.0723	0.0720	0.0338	0.0459	0.0482	
0.0402	0.0917	0.0652	0.0449	0.0387	0.0466	0.0673	0.0094	0.0467	0.0370	0.0578	0.0190	0.0558	0.0680	0.0199	0.0839	0.0722	0.0593	0.0662	0.0104	
0.0890	0.1048	0.0694	0.0098	0.0659	0.0483	0.0488	0.0188	0.0733	0.0084	0.0652	0.0721	0.0862	0.0529	0.0893	0.0112	0.0014	0.0298	0.0399	0.0156	
0.0390	0.1037	0.0265	0.0688	0.0114	0.0650	0.0390	0.0479	0.0392	0.0608	0.0663	0.0049	0.0581	0.0300	0.0611	0.0479	0.0248	0.0508	0.0730	0.0820	
0.0184	0.0607	0.0234	0.0398	0.0552	0.0552	0.0326	0.0185	0.0625	0.0105	0.0685	0.0454	0.0392	0.0438	0.0594	0.0851	0.0586	0.0685	0.0832	0.0714	
0.0232	0.0796	0.0692	0.0126	0.0291	0.0468	0.0081	0.0517	0.0800	0.0297	0.0897	0.0315	0.0509	0.0514	0.0929	0.1026	0.0517	0.0682	0.0034	0.0278	
0.0787	0.0179	0.0725	0.0454	0.0823	0.0190	0.0654	0.0152	0.0674	0.0708	0.1046	0.0364	0.0664	0.0039	0.0776	0.0426	0.0718	0.0150	0.0253	0.0220	
0.0942	0.0914	0.0423	0.0616	0.0272	0.0392	0.1181	0.0017	0.0603	0.0723	0.0360	0.0771	0.0855	0.0795	0.0129	0.0038	0.0254	0.0238	0.0392	0.0086	
0.0968	0.0794	0.0814	0.0097	0.0376	0.0340	0.0618	0.0444	0.0671	0.0487	0.0145	0.0376	0.0514	0.0812	0.0509	0.0912	0.0634	0.0083	0.0118	0.0287	

Emissions
0.0867	0.3339	0.2763	0.0142	0.2889	
0.0367	0.2218	0.0306	0.4969	0.2140	
0.0391	0.2859	0.4426	0.0701	0.1623	
0.2876	0.3061	0.0959	0.0717	0.2386	
0.4332	0.2249	0.1280	0.0422	0.1716	
0.4629	0.1873	0.0370	0.0992	0.2137	
0.0487	0.0527	0.0542	0.3740	0.4704	
0.1291	0.1323	0.3178	0.3180	0.1028	
0.3634	0.2228	0.2372	0.0611	0.1154	
0.2073	0.1846	0.1611	0.3032	0.1439	
0.0206	0.2251	0.3754	0.1035	0.2754	
0.2747	0.1206	0.1797	0.2708	0.1542	
0.1685	0.1637	0.2742	0.2221	0.1715	
0.0003	0.1744	0.3790	0.1629	0.2835	
0.0736	0.2380	0.1442	0.1958	0.3484	
0.0554	0.2593	0.0523	0.1673	0.4658	
0.1356	0.3250	0.2212	0.2869	0.0314	
0.2013	0.0838	0.4502	0.2379	0.0268	
0.0375	0.4887	0.1959	0.0536	0.2243	
0.1131	0.1886	0.2769	0.3197	0.1017	
