DataSet 43
Learner: Baum Welch Learner
Log Likelihood: 39265.0444169495

Number of States: 10
Number of Symbols: 5
Threshold: 0.01

Initial Distribution:
0.0055	0.1015	0.2762	0.0197	0.1281	0.1293	0.0299	0.0873	0.2055	0.0170	

Transitions:
0.1469	0.0704	0.0313	0.1620	0.1834	0.0359	0.0018	0.1779	0.0213	0.1691	
0.0694	0.1476	0.1325	0.1445	0.0586	0.0801	0.0683	0.1114	0.1537	0.0340	
0.1240	0.2176	0.0406	0.0077	0.0019	0.1490	0.0337	0.1953	0.1991	0.0311	
0.2183	0.2615	0.0604	0.1952	0.2037	0.0008	0.0105	0.0027	0.0337	0.0133	
0.0271	0.1514	0.0992	0.0520	0.1471	0.0331	0.0645	0.1431	0.1229	0.1596	
0.0190	0.0972	0.0616	0.1025	0.1362	0.2335	0.0196	0.0360	0.2070	0.0874	
0.1629	0.0087	0.1342	0.1581	0.1421	0.0810	0.0813	0.0128	0.1561	0.0628	
0.0767	0.0913	0.0876	0.1689	0.0111	0.1537	0.0530	0.1650	0.0364	0.1563	
0.0624	0.1216	0.0679	0.0284	0.0228	0.1718	0.1746	0.2422	0.0807	0.0277	
0.1703	0.1888	0.0386	0.1629	0.0175	0.0184	0.1383	0.1184	0.0703	0.0764	

Emissions
0.1125	0.1581	0.3173	0.1010	0.3111	
0.1379	0.3415	0.0934	0.0921	0.3350	
0.2148	0.0797	0.3122	0.3672	0.0262	
0.0823	0.2997	0.2394	0.2287	0.1499	
0.1548	0.2716	0.1908	0.2436	0.1393	
0.1385	0.0993	0.2041	0.2468	0.3113	
0.1704	0.2767	0.1777	0.2427	0.1326	
0.1607	0.2171	0.2671	0.1587	0.1965	
0.2338	0.2125	0.1715	0.1774	0.2048	
0.1214	0.3594	0.0831	0.1823	0.2537	
