DataSet 43
Learner: Baum Welch Learner
Log Likelihood: 39213.7122127996

Number of States: 20
Number of Symbols: 5
Threshold: 0.01

Initial Distribution:
0.0794	0.0360	0.0235	0.0671	0.0371	0.0061	0.0500	0.0733	0.0919	0.0718	0.0470	0.0022	0.0352	0.1246	0.0619	0.0276	0.0231	0.0613	0.0769	0.0041	

Transitions:
0.0866	0.0011	0.0830	0.0021	0.1024	0.0810	0.0584	0.0206	0.0351	0.0362	0.0455	0.0271	0.0460	0.0117	0.0320	0.0550	0.0618	0.0753	0.0209	0.1183	
0.0851	0.0328	0.0870	0.0163	0.0029	0.1116	0.0274	0.0739	0.0785	0.0657	0.0116	0.1031	0.0093	0.0208	0.0163	0.0549	0.0827	0.0257	0.0927	0.0017	
0.0563	0.0579	0.0295	0.0527	0.0472	0.0385	0.0549	0.0191	0.0634	0.0221	0.0784	0.0427	0.0218	0.0970	0.0144	0.0615	0.0167	0.0593	0.0929	0.0735	
0.0326	0.0798	0.0432	0.0849	0.0211	0.0578	0.0149	0.0271	0.0002	0.0884	0.0872	0.0325	0.0942	0.0201	0.0109	0.0269	0.1064	0.0329	0.0666	0.0725	
0.0364	0.0032	0.0010	0.0644	0.1138	0.0799	0.0866	0.0108	0.0068	0.0615	0.0451	0.0131	0.0277	0.0077	0.0866	0.1071	0.0314	0.0607	0.0379	0.1184	
0.0192	0.0293	0.0160	0.0745	0.0441	0.0394	0.0521	0.0030	0.0703	0.0812	0.0607	0.0763	0.0766	0.0302	0.0403	0.0249	0.0635	0.0704	0.0770	0.0511	
0.0950	0.0049	0.0238	0.0712	0.0703	0.1025	0.0079	0.1138	0.0683	0.0266	0.0000	0.0665	0.0007	0.0898	0.0487	0.0034	0.1181	0.0148	0.0105	0.0633	
0.0095	0.0787	0.0212	0.0177	0.1104	0.0665	0.0182	0.0943	0.0599	0.0472	0.0210	0.0447	0.0602	0.0686	0.0174	0.0249	0.0172	0.0662	0.0450	0.1113	
0.0305	0.0664	0.0463	0.0656	0.0913	0.0204	0.0860	0.0296	0.0045	0.0438	0.0456	0.0592	0.0706	0.0388	0.0404	0.0175	0.0784	0.0007	0.0544	0.1100	
0.0489	0.0226	0.0250	0.0161	0.1352	0.0865	0.1214	0.0252	0.0521	0.0116	0.1033	0.0162	0.0678	0.0292	0.0079	0.0454	0.0141	0.0492	0.0308	0.0915	
0.0670	0.0851	0.0876	0.0224	0.1006	0.0611	0.0599	0.0083	0.0373	0.1055	0.0491	0.0156	0.0029	0.0571	0.0261	0.0199	0.0486	0.0399	0.0798	0.0262	
0.0297	0.0619	0.0847	0.1250	0.0679	0.0380	0.1115	0.0547	0.0503	0.0012	0.0101	0.0403	0.0771	0.0013	0.0402	0.0816	0.0444	0.0061	0.0308	0.0433	
0.0060	0.0779	0.0846	0.0565	0.0733	0.0761	0.0112	0.0158	0.0080	0.0910	0.1072	0.0765	0.0701	0.0040	0.0370	0.0029	0.0075	0.0783	0.0587	0.0573	
0.0705	0.0076	0.0773	0.0404	0.1161	0.0079	0.0547	0.0024	0.0208	0.0700	0.0976	0.0465	0.0115	0.0300	0.0215	0.0585	0.0887	0.0237	0.0296	0.1248	
0.0232	0.0792	0.0418	0.0596	0.0021	0.0335	0.0610	0.0725	0.0654	0.0298	0.0688	0.0537	0.0412	0.0711	0.0883	0.0011	0.0182	0.0569	0.0659	0.0668	
0.0233	0.0085	0.0858	0.0514	0.0092	0.0630	0.0683	0.0429	0.0740	0.0877	0.0300	0.0826	0.0491	0.0670	0.0295	0.0711	0.0609	0.0079	0.0268	0.0609	
0.0359	0.0729	0.0319	0.0823	0.0976	0.0288	0.1040	0.0351	0.0406	0.0176	0.0311	0.0159	0.0475	0.0553	0.0518	0.0132	0.0796	0.0744	0.0409	0.0437	
0.0526	0.0137	0.0737	0.0700	0.1122	0.0914	0.1117	0.0613	0.0344	0.0035	0.0356	0.0086	0.0229	0.0066	0.0156	0.0486	0.0718	0.0059	0.0570	0.1027	
0.0464	0.0239	0.0781	0.0567	0.0538	0.0141	0.0298	0.0801	0.0205	0.0152	0.0836	0.0680	0.0491	0.0637	0.0782	0.0271	0.0817	0.0453	0.0706	0.0140	
0.0266	0.0354	0.0987	0.0478	0.0928	0.0242	0.1011	0.0453	0.0489	0.0005	0.0506	0.0824	0.0185	0.0665	0.0881	0.0379	0.0145	0.0115	0.0220	0.0865	

Emissions
0.3353	0.0494	0.3389	0.2220	0.0543	
0.2105	0.2053	0.1689	0.0778	0.3375	
0.2088	0.0788	0.0824	0.2941	0.3359	
0.0994	0.1264	0.2471	0.4037	0.1234	
0.0669	0.3531	0.1847	0.0965	0.2989	
0.0425	0.2536	0.3882	0.0417	0.2740	
0.0745	0.3999	0.1787	0.0491	0.2977	
0.1423	0.0096	0.4933	0.2380	0.1167	
0.2858	0.2081	0.1259	0.2628	0.1175	
0.1344	0.2845	0.3444	0.0657	0.1710	
0.0286	0.2488	0.1111	0.3738	0.2378	
0.1230	0.2539	0.0305	0.1809	0.4117	
0.2680	0.1778	0.1006	0.2085	0.2450	
0.2964	0.2821	0.0165	0.3395	0.0655	
0.1121	0.2543	0.0861	0.3382	0.2094	
0.1485	0.1797	0.2512	0.2690	0.1515	
0.1090	0.2834	0.2731	0.1697	0.1649	
0.2281	0.2750	0.2381	0.2162	0.0426	
0.2065	0.3664	0.0992	0.2249	0.1030	
0.0809	0.1441	0.3515	0.0136	0.4099	
