DataSet 43
Learner: Baum Welch Learner
Log Likelihood: 39351.5177935535

Number of States: 10
Number of Symbols: 5
Threshold: 0.01

Initial Distribution:
0.1756	0.0244	0.0844	0.1327	0.1545	0.1080	0.0850	0.0593	0.0853	0.0908	

Transitions:
0.1269	0.1866	0.0741	0.1016	0.0190	0.1733	0.1443	0.0592	0.0232	0.0918	
0.1925	0.0321	0.1350	0.1564	0.0904	0.1304	0.0003	0.1364	0.1136	0.0130	
0.1904	0.1428	0.0347	0.1478	0.0394	0.0949	0.1165	0.0480	0.0799	0.1055	
0.1323	0.0911	0.0486	0.1429	0.0482	0.1647	0.0841	0.1384	0.0877	0.0620	
0.0401	0.1722	0.1364	0.0686	0.0728	0.1096	0.1078	0.1444	0.0807	0.0675	
0.0846	0.1477	0.1337	0.1025	0.1357	0.0068	0.1322	0.0858	0.0534	0.1176	
0.0589	0.0937	0.1653	0.0865	0.0997	0.0685	0.1455	0.1172	0.0734	0.0913	
0.0259	0.0460	0.0558	0.0658	0.1815	0.2353	0.0043	0.1759	0.0802	0.1292	
0.1211	0.1267	0.1516	0.0181	0.0041	0.1507	0.1249	0.0951	0.1622	0.0455	
0.0296	0.1864	0.1073	0.1694	0.1733	0.1435	0.0116	0.0271	0.1455	0.0062	

Emissions
0.2079	0.2726	0.1187	0.3255	0.0753	
0.0727	0.1993	0.1388	0.2137	0.3755	
0.0094	0.0127	0.1078	0.4114	0.4587	
0.1738	0.2351	0.1985	0.1779	0.2147	
0.2896	0.1284	0.3160	0.1136	0.1524	
0.1054	0.4530	0.2051	0.2121	0.0244	
0.2702	0.3196	0.0044	0.1134	0.2923	
0.1972	0.0758	0.2398	0.2473	0.2400	
0.1669	0.1566	0.4577	0.0594	0.1594	
0.0764	0.3772	0.3449	0.0561	0.1454	
