DataSet 43
Learner: Baum Welch Learner
Log Likelihood: 39255.9930998805

Number of States: 20
Number of Symbols: 5
Threshold: 0.01

Initial Distribution:
0.1083	0.1288	0.1015	0.0062	0.0264	0.1085	0.0063	0.0216	0.0672	0.0391	0.0655	0.0087	0.0474	0.0282	0.0327	0.0459	0.0240	0.0391	0.0123	0.0822	

Transitions:
0.0420	0.0242	0.0964	0.0182	0.0219	0.0150	0.0956	0.0522	0.0902	0.0891	0.0057	0.0814	0.0531	0.0616	0.0743	0.0587	0.0246	0.0119	0.0718	0.0118	
0.0365	0.0575	0.0379	0.0806	0.0789	0.0687	0.0550	0.0391	0.0214	0.0753	0.0282	0.0455	0.0135	0.0034	0.0378	0.0676	0.0813	0.0693	0.0797	0.0226	
0.1082	0.0579	0.0384	0.0165	0.0883	0.0204	0.0688	0.0066	0.0805	0.0192	0.0401	0.0252	0.1078	0.0010	0.0473	0.0800	0.1088	0.0088	0.0468	0.0292	
0.0523	0.0611	0.0189	0.0178	0.0502	0.0621	0.0893	0.0442	0.0311	0.1030	0.0690	0.0475	0.0273	0.0422	0.0169	0.0825	0.0621	0.0337	0.0246	0.0644	
0.0338	0.0626	0.0671	0.0144	0.0442	0.0096	0.0826	0.0130	0.0730	0.0714	0.0891	0.0829	0.0480	0.0606	0.0859	0.0358	0.0415	0.0157	0.0595	0.0094	
0.0403	0.0101	0.0646	0.0661	0.0499	0.0642	0.0733	0.0338	0.0671	0.0374	0.0129	0.0360	0.0715	0.0615	0.0909	0.0630	0.0657	0.0045	0.0583	0.0290	
0.0769	0.0456	0.0624	0.0524	0.0026	0.0761	0.1080	0.0492	0.0543	0.0739	0.0509	0.0292	0.0760	0.0121	0.0041	0.0163	0.0969	0.0040	0.0560	0.0531	
0.0136	0.0451	0.0328	0.0419	0.0711	0.0564	0.0012	0.0789	0.0924	0.0213	0.0808	0.0426	0.0667	0.0316	0.0466	0.0071	0.0614	0.0300	0.0848	0.0938	
0.0697	0.0303	0.0723	0.0087	0.0844	0.0654	0.0603	0.0589	0.0669	0.0666	0.0724	0.0601	0.0402	0.0107	0.0266	0.0306	0.0174	0.0336	0.0794	0.0454	
0.0660	0.0252	0.0683	0.0325	0.0121	0.0157	0.0794	0.0383	0.0684	0.0888	0.0685	0.0563	0.0338	0.0708	0.0585	0.0552	0.0477	0.0172	0.0374	0.0598	
0.0612	0.0247	0.0787	0.0004	0.0328	0.0766	0.0822	0.0296	0.0882	0.0939	0.0802	0.0043	0.0291	0.0097	0.0041	0.0543	0.0581	0.0460	0.0849	0.0610	
0.0021	0.0234	0.0701	0.0642	0.0787	0.0151	0.0363	0.0478	0.0426	0.0518	0.0737	0.0831	0.0878	0.0196	0.0732	0.0327	0.0354	0.0633	0.0793	0.0197	
0.0404	0.0629	0.0531	0.0906	0.0135	0.0939	0.0475	0.0274	0.0984	0.0036	0.0070	0.1222	0.0333	0.0881	0.0823	0.0440	0.0478	0.0182	0.0048	0.0210	
0.0546	0.0264	0.0858	0.0426	0.0146	0.0935	0.0111	0.0060	0.0244	0.0697	0.0265	0.0865	0.0643	0.0753	0.0492	0.0558	0.1001	0.0181	0.0693	0.0262	
0.0839	0.0137	0.0752	0.0471	0.0546	0.0866	0.0798	0.0221	0.0538	0.0493	0.0084	0.0218	0.0850	0.0784	0.0745	0.0030	0.0698	0.0098	0.0610	0.0220	
0.0738	0.0298	0.0020	0.0236	0.1015	0.0315	0.0558	0.0652	0.0352	0.0216	0.0713	0.0224	0.0709	0.0917	0.0430	0.0403	0.0568	0.0430	0.0954	0.0251	
0.0129	0.0769	0.0408	0.0625	0.0438	0.0009	0.1027	0.0575	0.0883	0.0343	0.0792	0.0657	0.0518	0.0351	0.0545	0.0451	0.0129	0.0535	0.0568	0.0249	
0.0378	0.0142	0.0751	0.0379	0.0914	0.0715	0.0594	0.0870	0.0453	0.0404	0.0576	0.0231	0.0293	0.0341	0.0113	0.0655	0.0743	0.0251	0.0566	0.0631	
0.0247	0.0583	0.0454	0.0810	0.0246	0.0715	0.0621	0.0097	0.0133	0.0659	0.0187	0.0656	0.0687	0.0427	0.0655	0.0719	0.0874	0.0096	0.0646	0.0489	
0.0257	0.0768	0.0188	0.0618	0.0894	0.0499	0.0357	0.0121	0.0272	0.0986	0.0830	0.0782	0.1030	0.0804	0.0004	0.0775	0.0613	0.0029	0.0093	0.0080	

Emissions
0.1056	0.2081	0.2485	0.3803	0.0575	
0.3210	0.1616	0.1825	0.2967	0.0382	
0.3825	0.2637	0.1623	0.0272	0.1642	
0.1161	0.3139	0.0284	0.0869	0.4548	
0.1165	0.1779	0.2580	0.1002	0.3474	
0.1691	0.2865	0.2581	0.2746	0.0117	
0.0916	0.3898	0.0109	0.3046	0.2032	
0.2425	0.0610	0.1642	0.1639	0.3684	
0.0458	0.5027	0.3011	0.1229	0.0275	
0.0550	0.1343	0.3332	0.1975	0.2800	
0.0766	0.2179	0.2679	0.2271	0.2105	
0.1435	0.2183	0.1619	0.2317	0.2446	
0.0298	0.2733	0.0880	0.2900	0.3191	
0.2124	0.1681	0.1917	0.2208	0.2071	
0.0801	0.0547	0.3524	0.1639	0.3490	
0.2898	0.0289	0.2528	0.1115	0.3170	
0.0125	0.2664	0.1380	0.2825	0.3005	
0.2956	0.3359	0.1719	0.0146	0.1819	
0.1973	0.1677	0.1859	0.1581	0.2909	
0.2251	0.1945	0.3320	0.2133	0.0351	
