DataSet 43
Learner: Baum Welch Learner
Log Likelihood: 39227.6061170782

Number of States: 10
Number of Symbols: 5
Threshold: 0.01

Initial Distribution:
0.0608	0.1014	0.1004	0.0038	0.0676	0.1461	0.0998	0.1908	0.1350	0.0943	

Transitions:
0.0738	0.0044	0.1236	0.0869	0.1949	0.1734	0.1365	0.0196	0.1396	0.0473	
0.1846	0.2223	0.0555	0.0983	0.1388	0.0559	0.0050	0.0385	0.0451	0.1559	
0.0923	0.2467	0.0025	0.0789	0.1633	0.0061	0.2218	0.0957	0.0276	0.0651	
0.0682	0.1645	0.0280	0.1318	0.0193	0.1676	0.0028	0.0537	0.1592	0.2049	
0.0374	0.1778	0.1256	0.0901	0.1149	0.0913	0.1372	0.0609	0.0842	0.0806	
0.1474	0.0901	0.1923	0.0664	0.1049	0.0967	0.0017	0.0234	0.1238	0.1532	
0.1026	0.0084	0.2055	0.1008	0.1710	0.0505	0.1339	0.0612	0.0434	0.1228	
0.0344	0.1888	0.1004	0.1194	0.1003	0.1444	0.0907	0.0747	0.1246	0.0223	
0.0304	0.0842	0.1758	0.1238	0.0580	0.1447	0.1508	0.1028	0.0349	0.0946	
0.1491	0.2037	0.1441	0.0211	0.0036	0.0434	0.2017	0.0401	0.1298	0.0634	

Emissions
0.2535	0.1980	0.0927	0.3302	0.1257	
0.0379	0.3586	0.1908	0.2058	0.2069	
0.0347	0.2698	0.3222	0.1905	0.1829	
0.0975	0.0515	0.2551	0.0191	0.5768	
0.0785	0.3313	0.1198	0.1610	0.3095	
0.1931	0.1301	0.3240	0.2260	0.1268	
0.1813	0.0577	0.5347	0.1337	0.0925	
0.3943	0.2179	0.1297	0.2123	0.0458	
0.3157	0.2715	0.0397	0.1974	0.1756	
0.0840	0.2897	0.0074	0.3099	0.3090	
