DataSet 43
Learner: Baum Welch Learner
Log Likelihood: 39188.9906462929

Number of States: 10
Number of Symbols: 5
Threshold: 0.01

Initial Distribution:
0.0195	0.0141	0.1000	0.1053	0.1723	0.1553	0.1945	0.1111	0.0404	0.0875	

Transitions:
0.0483	0.0798	0.0709	0.2033	0.1281	0.1559	0.0867	0.0199	0.0360	0.1712	
0.1017	0.1922	0.1449	0.0042	0.1016	0.1153	0.0023	0.0264	0.1760	0.1353	
0.1521	0.0416	0.1908	0.1248	0.0569	0.0926	0.1251	0.1089	0.0880	0.0192	
0.0734	0.1871	0.1201	0.0108	0.1031	0.0620	0.0839	0.0821	0.0923	0.1851	
0.1446	0.2033	0.1199	0.0832	0.0008	0.0404	0.0799	0.1440	0.1711	0.0128	
0.1316	0.1039	0.1113	0.0794	0.0957	0.1365	0.0518	0.0766	0.0523	0.1609	
0.1914	0.2011	0.1592	0.0078	0.0254	0.1054	0.0590	0.1287	0.0903	0.0315	
0.0316	0.1458	0.1698	0.0217	0.1378	0.1540	0.1106	0.0813	0.1288	0.0186	
0.0267	0.0174	0.1831	0.0917	0.0521	0.1612	0.0501	0.2043	0.0717	0.1417	
0.0011	0.2930	0.0234	0.1459	0.0078	0.1972	0.0634	0.1074	0.0627	0.0980	

Emissions
0.1459	0.1620	0.0869	0.1641	0.4411	
0.0469	0.2263	0.1996	0.1314	0.3959	
0.0635	0.2383	0.3022	0.0735	0.3226	
0.3121	0.0213	0.0704	0.3673	0.2289	
0.1900	0.1536	0.1850	0.4098	0.0615	
0.1745	0.5679	0.0013	0.1208	0.1355	
0.4027	0.1387	0.1500	0.2062	0.1024	
0.0936	0.2532	0.4694	0.1692	0.0147	
0.2071	0.2479	0.1821	0.1710	0.1919	
0.0176	0.0870	0.4101	0.3197	0.1656	
