DataSet 43
Learner: Baum Welch Learner
Log Likelihood: 39185.1014242423

Number of States: 20
Number of Symbols: 5
Threshold: 0.01

Initial Distribution:
0.0157	0.1032	0.0185	0.0766	0.0294	0.0060	0.0943	0.0345	0.0232	0.0065	0.0925	0.0380	0.1143	0.0981	0.0264	0.0084	0.0030	0.0382	0.0907	0.0824	

Transitions:
0.0753	0.0361	0.0343	0.0176	0.0590	0.0483	0.0468	0.0406	0.0411	0.0554	0.0635	0.0875	0.0382	0.0148	0.0682	0.0658	0.0398	0.0586	0.0212	0.0875	
0.0615	0.0002	0.0509	0.0279	0.0059	0.1076	0.0922	0.0502	0.0759	0.0219	0.0315	0.0495	0.0157	0.0559	0.0535	0.0811	0.0094	0.0907	0.0739	0.0447	
0.0495	0.0309	0.0580	0.0491	0.0326	0.0842	0.0550	0.0561	0.0773	0.0571	0.0623	0.0218	0.0253	0.0589	0.0077	0.0920	0.0743	0.0121	0.0165	0.0793	
0.0599	0.0557	0.0635	0.0216	0.0207	0.0870	0.0699	0.0445	0.0608	0.0232	0.0545	0.0384	0.0621	0.0498	0.0418	0.0399	0.0207	0.0934	0.0824	0.0103	
0.0281	0.0218	0.0015	0.0191	0.0402	0.0109	0.0655	0.0391	0.0887	0.0906	0.0651	0.0735	0.0655	0.0115	0.0961	0.0877	0.0591	0.0404	0.0336	0.0621	
0.0237	0.0936	0.0092	0.0554	0.1093	0.0061	0.0426	0.0697	0.0306	0.0959	0.0639	0.0048	0.0202	0.0070	0.0632	0.0459	0.0758	0.0553	0.1034	0.0244	
0.0091	0.0182	0.0747	0.0664	0.0395	0.0644	0.0805	0.0467	0.0857	0.0947	0.0557	0.0553	0.0441	0.0222	0.0911	0.0377	0.0160	0.0387	0.0211	0.0384	
0.0711	0.0043	0.0246	0.0894	0.0163	0.0694	0.0822	0.0544	0.0701	0.0728	0.0991	0.0143	0.0612	0.0154	0.0586	0.1150	0.0110	0.0228	0.0073	0.0408	
0.0217	0.0607	0.0839	0.0487	0.0231	0.0824	0.0536	0.0874	0.0183	0.0361	0.0146	0.0403	0.0276	0.0386	0.0656	0.0057	0.0012	0.0967	0.0764	0.1173	
0.0867	0.0173	0.0068	0.0185	0.0778	0.0330	0.0195	0.0375	0.0833	0.0017	0.0156	0.1251	0.0278	0.0870	0.0249	0.1076	0.0205	0.0696	0.0845	0.0555	
0.0126	0.0603	0.0443	0.0252	0.0339	0.0521	0.0796	0.0194	0.0675	0.0545	0.0804	0.0154	0.0427	0.0116	0.0548	0.1110	0.0487	0.0504	0.0618	0.0740	
0.0637	0.0108	0.0145	0.0129	0.0135	0.0158	0.0070	0.0537	0.0176	0.0733	0.1048	0.0351	0.0200	0.0233	0.1064	0.1187	0.0851	0.0835	0.1055	0.0347	
0.0593	0.0849	0.0846	0.0322	0.0112	0.1680	0.0575	0.0148	0.0380	0.0600	0.0408	0.0448	0.0040	0.0828	0.0026	0.0093	0.0790	0.0610	0.0275	0.0376	
0.0506	0.0470	0.0144	0.0144	0.0617	0.0779	0.0063	0.0316	0.0407	0.0952	0.0324	0.0627	0.0771	0.0389	0.0410	0.0703	0.0372	0.0906	0.0943	0.0157	
0.0796	0.0662	0.0162	0.0685	0.0235	0.0143	0.0225	0.0214	0.0202	0.0908	0.0161	0.0223	0.0460	0.0449	0.0867	0.1181	0.0734	0.0525	0.0633	0.0536	
0.0810	0.0037	0.0602	0.0364	0.0878	0.0236	0.0628	0.0556	0.0447	0.0370	0.0513	0.1220	0.0317	0.0078	0.0480	0.0523	0.0258	0.0232	0.0918	0.0533	
0.0443	0.0539	0.0194	0.0514	0.0454	0.0082	0.0426	0.0233	0.0892	0.0590	0.0768	0.0662	0.0217	0.0425	0.0318	0.0862	0.0072	0.0588	0.0785	0.0937	
0.0333	0.0693	0.0779	0.0667	0.0114	0.0237	0.0855	0.0497	0.1065	0.0187	0.0687	0.0714	0.0677	0.0055	0.0076	0.0096	0.0849	0.0204	0.0023	0.1191	
0.0830	0.0418	0.0712	0.0063	0.0616	0.0716	0.0617	0.0680	0.0751	0.0963	0.0472	0.0498	0.0378	0.0012	0.0263	0.0757	0.0089	0.0467	0.0422	0.0278	
0.0276	0.0005	0.0376	0.0453	0.0766	0.0197	0.0176	0.0166	0.0458	0.0221	0.0786	0.0771	0.0518	0.0811	0.0881	0.0769	0.0655	0.0568	0.0852	0.0295	

Emissions
0.0799	0.3155	0.1722	0.1995	0.2329	
0.2923	0.0266	0.2686	0.3140	0.0985	
0.1761	0.1207	0.2437	0.1770	0.2824	
0.4059	0.0918	0.1626	0.1180	0.2218	
0.1611	0.3151	0.2142	0.2493	0.0602	
0.1368	0.0692	0.2802	0.0268	0.4871	
0.2887	0.2030	0.2358	0.0805	0.1920	
0.1245	0.2545	0.2698	0.3428	0.0084	
0.0529	0.4097	0.2629	0.0739	0.2006	
0.0804	0.1043	0.2579	0.0635	0.4940	
0.2253	0.2403	0.1925	0.1449	0.1971	
0.0155	0.4408	0.0043	0.5345	0.0049	
0.3206	0.2808	0.2268	0.0903	0.0815	
0.1549	0.2750	0.1590	0.3530	0.0582	
0.1479	0.3795	0.1904	0.0672	0.2150	
0.0164	0.0544	0.2068	0.1800	0.5423	
0.1986	0.3588	0.2701	0.0971	0.0754	
0.1648	0.0324	0.1818	0.2220	0.3989	
0.0063	0.2115	0.2945	0.3951	0.0926	
0.1323	0.3697	0.0723	0.2508	0.1749	
