DataSet 41
Learner: Baum Welch Learner
Log Likelihood: 68613.2181187908

Number of States: 10
Number of Symbols: 7
Threshold: 0.01

Initial Distribution:
0.0303	0.2144	0.0232	0.0191	0.0169	0.0432	0.0440	0.4410	0.0407	0.1271	

Transitions:
0.0435	0.0769	0.0579	0.1089	0.1532	0.0929	0.2450	0.0948	0.0836	0.0432	
0.0603	0.0779	0.0498	0.0077	0.0509	0.2019	0.0424	0.1516	0.2156	0.1420	
0.1245	0.0788	0.0347	0.1039	0.2586	0.0247	0.1782	0.1240	0.0340	0.0387	
0.0819	0.0294	0.1121	0.0481	0.2176	0.1560	0.1412	0.0583	0.1215	0.0338	
0.0330	0.0169	0.2087	0.0094	0.2164	0.1272	0.0633	0.0627	0.1027	0.1596	
0.1068	0.0581	0.1861	0.0998	0.0754	0.1510	0.0571	0.1039	0.0742	0.0875	
0.1856	0.0510	0.0706	0.0649	0.1401	0.0060	0.2308	0.1756	0.0216	0.0538	
0.0221	0.0732	0.1918	0.1753	0.1400	0.0893	0.1202	0.0141	0.1126	0.0614	
0.2244	0.0761	0.0311	0.0938	0.1888	0.0119	0.1007	0.0316	0.1965	0.0452	
0.0793	0.1007	0.1545	0.0885	0.0854	0.1336	0.1304	0.0606	0.0567	0.1104	

Emissions
0.2719	0.1206	0.0610	0.0422	0.3111	0.0215	0.1717	
0.0549	0.5019	0.2096	0.0474	0.1018	0.0199	0.0644	
0.1655	0.0908	0.0413	0.0930	0.2262	0.2420	0.1414	
0.2232	0.0024	0.2432	0.1173	0.0675	0.2318	0.1146	
0.0761	0.1678	0.1152	0.0078	0.1990	0.3217	0.1125	
0.1336	0.0359	0.2166	0.1437	0.2539	0.2072	0.0091	
0.0437	0.2661	0.0087	0.0448	0.2592	0.2205	0.1570	
0.1198	0.2517	0.0934	0.2313	0.1748	0.0011	0.1279	
0.1001	0.0842	0.1787	0.0591	0.2284	0.0280	0.3216	
0.0973	0.2349	0.0165	0.2857	0.1492	0.1786	0.0378	
