DataSet 41
Learner: Baum Welch Learner
Log Likelihood: 68702.0037428793

Number of States: 20
Number of Symbols: 7
Threshold: 0.01

Initial Distribution:
0.0768	0.0272	0.0085	0.0067	0.0088	0.0822	0.0305	0.0005	0.1645	0.0192	0.0042	0.1115	0.0968	0.0150	0.0021	0.0430	0.0307	0.1006	0.0514	0.1200	

Transitions:
0.0208	0.0873	0.0255	0.0405	0.0099	0.0436	0.0092	0.1031	0.0586	0.0014	0.0931	0.0511	0.0178	0.0885	0.0658	0.0270	0.0916	0.0468	0.0903	0.0282	
0.0221	0.0345	0.0513	0.0391	0.0116	0.0633	0.0454	0.0723	0.0141	0.0558	0.0949	0.0742	0.0292	0.0801	0.0947	0.0521	0.0146	0.0802	0.0144	0.0561	
0.0369	0.0456	0.0279	0.0675	0.0332	0.0544	0.0527	0.0714	0.0457	0.0495	0.0931	0.0504	0.0567	0.0442	0.0474	0.0677	0.0363	0.0692	0.0150	0.0352	
0.0097	0.0500	0.0998	0.0163	0.0294	0.0063	0.0377	0.0661	0.0755	0.0076	0.0240	0.0871	0.0343	0.0300	0.0767	0.0545	0.1253	0.0509	0.0867	0.0322	
0.0669	0.0367	0.0939	0.0372	0.0504	0.0862	0.0981	0.0755	0.0005	0.0720	0.0081	0.0114	0.0409	0.0639	0.0474	0.0136	0.0980	0.0164	0.0515	0.0314	
0.0307	0.0056	0.0034	0.0779	0.0535	0.0845	0.0381	0.0668	0.0603	0.0053	0.1059	0.0654	0.0077	0.0916	0.0659	0.0585	0.0655	0.0338	0.0569	0.0229	
0.0165	0.0519	0.0652	0.0025	0.0011	0.0024	0.0478	0.0826	0.0660	0.0448	0.0847	0.0712	0.0761	0.0437	0.0885	0.0771	0.0402	0.0202	0.0657	0.0518	
0.0465	0.0177	0.0947	0.1020	0.0806	0.0145	0.0056	0.0694	0.0717	0.0672	0.0657	0.0317	0.0449	0.0311	0.0199	0.0796	0.0541	0.0009	0.0557	0.0467	
0.0373	0.0473	0.0744	0.0355	0.0269	0.0160	0.0997	0.0650	0.0636	0.0706	0.0328	0.0263	0.0486	0.1009	0.0698	0.0007	0.0636	0.0438	0.0130	0.0642	
0.0917	0.0943	0.1164	0.0023	0.1036	0.0328	0.0177	0.0871	0.0232	0.0076	0.0518	0.0327	0.0485	0.0204	0.0126	0.0140	0.0436	0.0595	0.0708	0.0695	
0.0130	0.0369	0.0816	0.0161	0.0367	0.0167	0.0798	0.0831	0.0456	0.0188	0.0336	0.0646	0.0598	0.0939	0.0723	0.0724	0.0679	0.0715	0.0317	0.0040	
0.0064	0.0316	0.0371	0.1043	0.0339	0.0797	0.0899	0.0621	0.0612	0.0560	0.0726	0.0034	0.0027	0.0499	0.0753	0.0510	0.0003	0.0552	0.0654	0.0621	
0.0471	0.0373	0.0048	0.0058	0.0759	0.0489	0.0483	0.0758	0.0408	0.0319	0.0597	0.0331	0.0179	0.0540	0.0606	0.0764	0.1058	0.0729	0.0700	0.0329	
0.0363	0.0124	0.1141	0.0054	0.0575	0.0238	0.1001	0.0537	0.0136	0.0040	0.0980	0.0867	0.0250	0.0666	0.0491	0.0772	0.0365	0.0434	0.0031	0.0935	
0.0509	0.0082	0.0101	0.0712	0.0019	0.0341	0.1132	0.0676	0.0847	0.0987	0.0962	0.0080	0.0075	0.0261	0.0592	0.0593	0.0748	0.0004	0.0649	0.0628	
0.0586	0.0013	0.0649	0.0605	0.0526	0.0693	0.0183	0.0846	0.0083	0.0972	0.0707	0.0468	0.0662	0.1043	0.1090	0.0288	0.0039	0.0343	0.0031	0.0174	
0.0377	0.0335	0.0849	0.0357	0.0471	0.0781	0.0888	0.0101	0.0077	0.0829	0.0266	0.0281	0.0803	0.0484	0.0183	0.0522	0.0547	0.0682	0.0912	0.0255	
0.0159	0.0101	0.0580	0.1617	0.0330	0.0050	0.0307	0.0442	0.0348	0.0235	0.0777	0.0110	0.1081	0.0627	0.0347	0.0587	0.0636	0.0404	0.0095	0.1168	
0.0043	0.0070	0.0787	0.0206	0.0811	0.0330	0.0985	0.0532	0.0540	0.0364	0.1032	0.0368	0.0420	0.0865	0.0071	0.0305	0.1235	0.0647	0.0071	0.0315	
0.0457	0.0500	0.0893	0.1265	0.0497	0.0108	0.0377	0.0537	0.0194	0.0868	0.0161	0.0099	0.0466	0.1286	0.0269	0.0077	0.0544	0.0231	0.0238	0.0934	

Emissions
0.0763	0.2822	0.1534	0.1663	0.1687	0.0085	0.1445	
0.0643	0.0976	0.1878	0.0797	0.3327	0.0726	0.1654	
0.1601	0.1403	0.0539	0.0735	0.3349	0.2363	0.0010	
0.0811	0.0513	0.1772	0.0227	0.2702	0.2730	0.1245	
0.1822	0.2057	0.2288	0.0658	0.2380	0.0464	0.0331	
0.1627	0.2743	0.1633	0.1146	0.1930	0.0768	0.0153	
0.0413	0.0980	0.0497	0.0677	0.4045	0.2217	0.1172	
0.1357	0.1054	0.1079	0.0341	0.1759	0.2737	0.1672	
0.1065	0.3869	0.1514	0.1399	0.0803	0.0039	0.1311	
0.0968	0.2553	0.1917	0.0184	0.0837	0.1824	0.1717	
0.3413	0.0992	0.0289	0.0323	0.0540	0.3790	0.0653	
0.2329	0.2651	0.1408	0.1885	0.0159	0.0038	0.1529	
0.0931	0.1436	0.0381	0.3433	0.1708	0.0748	0.1363	
0.0177	0.0915	0.0188	0.0481	0.3295	0.2101	0.2842	
0.1240	0.0752	0.0759	0.0660	0.1190	0.3357	0.2042	
0.2013	0.2781	0.0857	0.1049	0.0164	0.1884	0.1251	
0.0239	0.1838	0.1329	0.0126	0.4402	0.1812	0.0253	
0.1739	0.2713	0.0379	0.1792	0.1530	0.0488	0.1360	
0.0221	0.0216	0.2479	0.1469	0.3210	0.0923	0.1482	
0.0939	0.2659	0.0722	0.2002	0.1214	0.0453	0.2011	
