DataSet 36
Learner: Baum Welch Learner
Log Likelihood: 121689.3033828820

Number of States: 10
Number of Symbols: 9
Threshold: 0.01

Initial Distribution:
0.0112	0.1234	0.0035	0.2999	0.0037	0.3924	0.1082	0.0011	0.0129	0.0436	

Transitions:
0.1316	0.1528	0.0312	0.1020	0.0673	0.0544	0.1320	0.1212	0.1242	0.0832	
0.1435	0.0016	0.1808	0.0208	0.1841	0.0151	0.0890	0.0791	0.2499	0.0360	
0.2280	0.0512	0.1035	0.0307	0.0144	0.1794	0.1463	0.0380	0.0302	0.1782	
0.1200	0.1431	0.0941	0.0567	0.0355	0.0037	0.0641	0.1523	0.1067	0.2237	
0.0409	0.0828	0.0286	0.0908	0.2791	0.0909	0.1387	0.2183	0.0047	0.0252	
0.0699	0.0580	0.0654	0.0806	0.1931	0.0241	0.0666	0.1590	0.1501	0.1331	
0.1430	0.1103	0.1258	0.0042	0.0245	0.0862	0.0879	0.1349	0.1559	0.1272	
0.1068	0.0917	0.1455	0.1462	0.1428	0.0837	0.0118	0.1417	0.0188	0.1110	
0.0718	0.2010	0.0508	0.0141	0.0927	0.1613	0.0358	0.1196	0.1395	0.1135	
0.1151	0.0525	0.2263	0.1346	0.1732	0.0630	0.1289	0.0124	0.0589	0.0352	

Emissions
0.1072	0.0837	0.1915	0.0316	0.0373	0.0471	0.1007	0.2608	0.1400	
0.0773	0.1279	0.2217	0.0238	0.1920	0.0808	0.0085	0.2030	0.0649	
0.1277	0.0356	0.1551	0.1374	0.0208	0.0670	0.0296	0.2042	0.2226	
0.0156	0.0171	0.2396	0.0070	0.0010	0.2984	0.2925	0.0217	0.1070	
0.1181	0.1879	0.1506	0.1858	0.0152	0.0727	0.1880	0.0564	0.0253	
0.0097	0.1284	0.0075	0.0017	0.2028	0.5101	0.0331	0.0969	0.0097	
0.0778	0.1118	0.1697	0.0152	0.0262	0.1884	0.1773	0.1640	0.0696	
0.0731	0.1679	0.0812	0.1550	0.0717	0.0517	0.1511	0.1419	0.1064	
0.1604	0.1421	0.2944	0.0716	0.0084	0.0093	0.0489	0.0071	0.2578	
0.1348	0.2417	0.0683	0.0253	0.1083	0.0644	0.1210	0.1812	0.0551	
