DataSet 36
Learner: Baum Welch Learner
Log Likelihood: 121785.7107957930

Number of States: 20
Number of Symbols: 9
Threshold: 0.01

Initial Distribution:
0.0858	0.0037	0.0176	0.0027	0.0174	0.0001	0.4245	0.0505	0.1017	0.0030	0.1270	0.0040	0.0566	0.0554	0.0034	0.0199	0.0119	0.0009	0.0005	0.0134	

Transitions:
0.1327	0.0075	0.0826	0.0249	0.0427	0.0258	0.0099	0.0319	0.0334	0.0718	0.0600	0.0641	0.0661	0.0069	0.1358	0.0597	0.0013	0.0663	0.0760	0.0007	
0.0942	0.0783	0.0617	0.0790	0.0482	0.0993	0.0013	0.0028	0.0890	0.0271	0.0183	0.0336	0.0844	0.0690	0.0278	0.0987	0.0398	0.0345	0.0005	0.0124	
0.0942	0.0692	0.0515	0.0269	0.0200	0.0071	0.0600	0.0928	0.0633	0.0777	0.0558	0.0857	0.0140	0.0047	0.0287	0.0246	0.0369	0.0329	0.0911	0.0628	
0.0212	0.0153	0.0703	0.0288	0.0530	0.0345	0.1090	0.0042	0.1007	0.0183	0.0206	0.0952	0.0639	0.1087	0.0129	0.0397	0.0311	0.0603	0.0591	0.0532	
0.0485	0.0158	0.0253	0.0944	0.1106	0.0428	0.0193	0.0829	0.0192	0.0155	0.0478	0.0022	0.0739	0.0449	0.1296	0.0806	0.0115	0.0278	0.1013	0.0063	
0.0437	0.0626	0.0102	0.0467	0.0570	0.1131	0.0468	0.0336	0.1010	0.0024	0.1110	0.0017	0.1036	0.0429	0.0192	0.0035	0.0601	0.0734	0.0559	0.0117	
0.0047	0.0634	0.1147	0.0850	0.1135	0.0305	0.0066	0.0097	0.0346	0.0437	0.0177	0.0050	0.0523	0.0189	0.0464	0.1620	0.0014	0.1310	0.0105	0.0483	
0.0005	0.0871	0.1212	0.0267	0.0108	0.0706	0.0117	0.0009	0.0162	0.1066	0.0126	0.0531	0.0728	0.0594	0.0044	0.0736	0.0830	0.0626	0.0731	0.0528	
0.0659	0.0242	0.0527	0.0633	0.0707	0.1253	0.0225	0.0591	0.0253	0.0386	0.0021	0.0720	0.0375	0.0600	0.0184	0.0209	0.0994	0.0654	0.0516	0.0253	
0.0019	0.0370	0.0666	0.0912	0.0315	0.0969	0.0548	0.0082	0.0323	0.1025	0.0139	0.0696	0.0319	0.0687	0.0210	0.0930	0.0619	0.0431	0.0579	0.0161	
0.0075	0.0457	0.0628	0.0701	0.0955	0.0515	0.0000	0.0795	0.0293	0.0974	0.0454	0.0143	0.0815	0.0240	0.1189	0.0460	0.0321	0.0646	0.0319	0.0020	
0.0745	0.0226	0.0214	0.0566	0.0262	0.0506	0.0642	0.0876	0.0595	0.0325	0.0869	0.0641	0.0171	0.0380	0.0295	0.0479	0.0555	0.0173	0.0844	0.0637	
0.0847	0.0315	0.0333	0.0283	0.0133	0.0966	0.0402	0.0525	0.0450	0.0691	0.0326	0.0616	0.0753	0.0221	0.0772	0.0738	0.0263	0.0881	0.0255	0.0230	
0.0755	0.0070	0.0271	0.0135	0.0103	0.1079	0.0734	0.0432	0.0045	0.0244	0.0689	0.0191	0.0547	0.0505	0.0486	0.1044	0.0856	0.0907	0.0576	0.0330	
0.0818	0.0766	0.0004	0.0575	0.0948	0.0892	0.0643	0.0453	0.0527	0.0579	0.0068	0.0477	0.0796	0.0417	0.0078	0.0618	0.0241	0.0522	0.0390	0.0188	
0.1405	0.0564	0.0755	0.0981	0.0066	0.0385	0.0464	0.0366	0.0122	0.0994	0.0189	0.0752	0.0665	0.0082	0.0989	0.0002	0.0061	0.0733	0.0234	0.0190	
0.0098	0.0330	0.0473	0.0607	0.0161	0.0147	0.0487	0.0033	0.0427	0.0924	0.0815	0.0226	0.0551	0.0254	0.0547	0.0304	0.1504	0.0359	0.1072	0.0680	
0.0765	0.0572	0.0549	0.0111	0.0292	0.0663	0.0209	0.0649	0.0610	0.0111	0.0747	0.0888	0.0387	0.0202	0.0169	0.0640	0.0623	0.0260	0.0688	0.0863	
0.0658	0.0336	0.0635	0.0491	0.0912	0.0778	0.0165	0.0198	0.0635	0.0479	0.0010	0.0667	0.0632	0.0484	0.0463	0.0493	0.0696	0.0506	0.0256	0.0508	
0.0844	0.0792	0.0347	0.0326	0.0740	0.0958	0.0680	0.0151	0.0007	0.0543	0.0447	0.0599	0.0413	0.0689	0.0930	0.0307	0.0679	0.0068	0.0172	0.0307	

Emissions
0.0300	0.1450	0.3132	0.0048	0.0200	0.2229	0.0042	0.1822	0.0777	
0.1170	0.0302	0.0696	0.1311	0.0043	0.1180	0.1684	0.2585	0.1030	
0.1100	0.3316	0.0223	0.0888	0.0291	0.1138	0.1923	0.0706	0.0414	
0.1958	0.1268	0.1332	0.1480	0.0619	0.0433	0.1939	0.0866	0.0106	
0.2056	0.0611	0.1241	0.0084	0.1150	0.0075	0.1296	0.1420	0.2067	
0.0801	0.1720	0.2535	0.1572	0.0009	0.0343	0.0495	0.1823	0.0701	
0.0158	0.0568	0.1234	0.0000	0.1128	0.5199	0.1358	0.0120	0.0235	
0.0376	0.1513	0.1897	0.0289	0.0327	0.2208	0.2024	0.0175	0.1191	
0.0212	0.1546	0.0044	0.0275	0.1292	0.3150	0.0926	0.1750	0.0804	
0.1151	0.0363	0.2219	0.1274	0.0614	0.0131	0.0313	0.1675	0.2260	
0.0278	0.1247	0.2713	0.0048	0.1115	0.2207	0.1230	0.0476	0.0686	
0.0043	0.1277	0.2158	0.1559	0.0909	0.1147	0.1127	0.0294	0.1487	
0.0236	0.0815	0.3437	0.0268	0.1209	0.1443	0.0761	0.0208	0.1624	
0.0894	0.0951	0.0485	0.0172	0.1412	0.1848	0.2069	0.1718	0.0451	
0.1544	0.1864	0.0984	0.0215	0.0279	0.0212	0.0479	0.1158	0.3266	
0.1377	0.2784	0.1021	0.0312	0.0464	0.0501	0.0376	0.2745	0.0420	
0.1117	0.0705	0.0404	0.0364	0.1128	0.0339	0.1771	0.2641	0.1531	
0.0758	0.1424	0.2698	0.1168	0.0296	0.0133	0.0936	0.1813	0.0775	
0.1400	0.0170	0.0491	0.1829	0.0658	0.0446	0.1736	0.2572	0.0698	
0.2140	0.1075	0.0527	0.0994	0.0745	0.1763	0.1779	0.0430	0.0546	
