DataSet 36
Learner: Baum Welch Learner
Log Likelihood: 121562.3794560010

Number of States: 20
Number of Symbols: 9
Threshold: 0.01

Initial Distribution:
0.0012	0.0143	0.0071	0.0243	0.0006	0.0026	0.0131	0.0325	0.1826	0.3691	0.0074	0.0162	0.0001	0.1505	0.0004	0.0021	0.0625	0.0016	0.0954	0.0164	

Transitions:
0.0257	0.0246	0.0109	0.0433	0.0192	0.1029	0.0343	0.0089	0.0134	0.0202	0.0501	0.0261	0.0038	0.0745	0.1342	0.0817	0.0538	0.1068	0.0950	0.0709	
0.0594	0.0401	0.0104	0.1140	0.0694	0.0106	0.0786	0.0035	0.0466	0.0740	0.0038	0.0149	0.0036	0.0080	0.0357	0.0969	0.0838	0.0428	0.0634	0.1404	
0.0744	0.0774	0.0706	0.0599	0.0329	0.0290	0.0264	0.0414	0.0721	0.0103	0.0578	0.0730	0.0673	0.0088	0.0681	0.0847	0.0137	0.0435	0.0763	0.0125	
0.0529	0.0298	0.0779	0.0434	0.0148	0.0326	0.0227	0.1095	0.0102	0.0079	0.1139	0.0322	0.0313	0.0909	0.0921	0.0629	0.0546	0.0644	0.0343	0.0217	
0.0969	0.0055	0.0304	0.0281	0.0072	0.0135	0.0538	0.0965	0.0528	0.0655	0.0988	0.0541	0.0652	0.0483	0.0730	0.0723	0.0188	0.0393	0.0762	0.0039	
0.0170	0.0364	0.0484	0.0862	0.0402	0.0388	0.0868	0.1053	0.0304	0.0138	0.0482	0.1207	0.0090	0.1039	0.0399	0.0678	0.0006	0.0505	0.0556	0.0006	
0.0856	0.0215	0.0615	0.0472	0.0445	0.0201	0.0852	0.0699	0.0299	0.0212	0.0425	0.0283	0.0931	0.0246	0.0113	0.0525	0.0478	0.0653	0.0788	0.0691	
0.0511	0.0559	0.0652	0.0215	0.0317	0.0917	0.0389	0.0774	0.0105	0.0106	0.0529	0.0762	0.0795	0.0585	0.0098	0.0859	0.0560	0.0911	0.0160	0.0196	
0.0455	0.0432	0.0437	0.1415	0.1565	0.1077	0.0798	0.0612	0.0111	0.0211	0.0520	0.0216	0.0202	0.0290	0.0214	0.0182	0.0240	0.0495	0.0048	0.0479	
0.1190	0.0003	0.0866	0.0402	0.1818	0.0746	0.0544	0.0462	0.0028	0.0033	0.0991	0.0528	0.0133	0.0329	0.0085	0.0374	0.0053	0.0947	0.0103	0.0363	
0.0175	0.0710	0.0380	0.0548	0.0554	0.0201	0.0657	0.0360	0.0047	0.1185	0.0333	0.0228	0.1009	0.1147	0.0774	0.0815	0.0020	0.0293	0.0346	0.0220	
0.0475	0.0213	0.0474	0.0381	0.0767	0.1133	0.0037	0.0592	0.0115	0.0491	0.0171	0.1051	0.0651	0.1012	0.0290	0.0234	0.0475	0.0366	0.0571	0.0501	
0.0103	0.0178	0.0284	0.0353	0.0795	0.0629	0.0169	0.0561	0.0507	0.1140	0.0858	0.0841	0.0342	0.0291	0.0419	0.0662	0.0031	0.0910	0.0421	0.0506	
0.0151	0.0836	0.0087	0.0564	0.1050	0.0676	0.0275	0.1170	0.0121	0.0094	0.1158	0.0730	0.0261	0.0806	0.0031	0.0309	0.0791	0.0287	0.0241	0.0359	
0.0929	0.0378	0.0229	0.0209	0.0817	0.0231	0.0495	0.0456	0.1797	0.0695	0.0191	0.0741	0.0035	0.0205	0.0164	0.0190	0.0069	0.0865	0.0893	0.0412	
0.0491	0.0325	0.0438	0.0163	0.0179	0.0213	0.0708	0.0673	0.0312	0.0533	0.1217	0.0961	0.0406	0.0076	0.0401	0.0771	0.0306	0.0817	0.0632	0.0378	
0.0049	0.0562	0.0907	0.0837	0.0047	0.1074	0.0602	0.0985	0.0130	0.0369	0.0273	0.0677	0.0251	0.0917	0.0395	0.0340	0.0544	0.0262	0.0051	0.0727	
0.0590	0.0711	0.0301	0.0436	0.0572	0.0257	0.0220	0.0890	0.0811	0.0719	0.0004	0.0266	0.0465	0.0458	0.0571	0.0824	0.0409	0.1066	0.0152	0.0277	
0.0949	0.0767	0.0612	0.0931	0.0640	0.0125	0.0616	0.0708	0.0132	0.0182	0.0098	0.0158	0.0618	0.0792	0.0727	0.0334	0.0258	0.0541	0.0019	0.0793	
0.0627	0.0486	0.0288	0.0535	0.0633	0.0704	0.0420	0.0843	0.0412	0.0023	0.0028	0.0571	0.0074	0.0799	0.1004	0.0843	0.0152	0.0857	0.0176	0.0525	

Emissions
0.1214	0.1016	0.1334	0.0578	0.0229	0.0579	0.1918	0.1176	0.1957	
0.0083	0.1717	0.0143	0.1006	0.0609	0.2410	0.0350	0.1186	0.2495	
0.2120	0.1410	0.2383	0.0825	0.0129	0.0354	0.1197	0.1274	0.0310	
0.0859	0.2399	0.1994	0.0089	0.0464	0.0248	0.1428	0.2254	0.0264	
0.1367	0.3059	0.0054	0.0838	0.0174	0.0036	0.0730	0.1694	0.2048	
0.1138	0.1659	0.1387	0.0250	0.0443	0.0332	0.0491	0.2212	0.2088	
0.1025	0.0849	0.1289	0.0461	0.0178	0.0577	0.2356	0.2341	0.0924	
0.1181	0.1567	0.2652	0.0576	0.0318	0.0868	0.1004	0.0718	0.1116	
0.0429	0.0157	0.0416	0.0008	0.0534	0.5430	0.2307	0.0261	0.0457	
0.0155	0.1008	0.0536	0.0000	0.1964	0.4290	0.0861	0.0584	0.0601	
0.0937	0.0503	0.2237	0.0849	0.0029	0.0709	0.2132	0.0571	0.2033	
0.0920	0.0310	0.2216	0.0173	0.0717	0.1014	0.0502	0.1483	0.2665	
0.1535	0.0849	0.0173	0.2186	0.1196	0.1084	0.0142	0.2016	0.0819	
0.0289	0.1901	0.3845	0.0016	0.0661	0.1583	0.0068	0.1529	0.0109	
0.1770	0.0715	0.0111	0.3180	0.3055	0.0351	0.0368	0.0153	0.0298	
0.1067	0.0585	0.1850	0.1191	0.1153	0.0600	0.0256	0.2802	0.0497	
0.0444	0.2060	0.1781	0.0154	0.0928	0.2485	0.0546	0.0624	0.0977	
0.0866	0.1315	0.1707	0.1619	0.0096	0.0118	0.2134	0.1520	0.0625	
0.0359	0.0153	0.1530	0.0103	0.1007	0.3503	0.2475	0.0649	0.0221	
0.0698	0.1895	0.2101	0.0312	0.0019	0.0980	0.1924	0.1846	0.0225	
