DataSet 36
Learner: Baum Welch Learner
Log Likelihood: 121313.5327647950

Number of States: 10
Number of Symbols: 9
Threshold: 0.01

Initial Distribution:
0.0026	0.0014	0.0084	0.0000	0.0846	0.0295	0.0022	0.0005	0.4819	0.3890	

Transitions:
0.0044	0.0419	0.0971	0.1883	0.2329	0.0499	0.0107	0.1034	0.1234	0.1478	
0.0633	0.2141	0.0321	0.0495	0.0535	0.0468	0.2197	0.1459	0.0200	0.1552	
0.1170	0.0856	0.1486	0.0280	0.2305	0.0104	0.0307	0.0719	0.2551	0.0222	
0.1763	0.1567	0.0443	0.1918	0.2418	0.0959	0.0134	0.0350	0.0401	0.0048	
0.3139	0.0304	0.1915	0.0567	0.0648	0.1054	0.0107	0.0149	0.0977	0.1141	
0.1204	0.1464	0.0497	0.0074	0.0160	0.1766	0.1293	0.2166	0.0082	0.1294	
0.0754	0.2235	0.0948	0.1746	0.0174	0.1032	0.0654	0.0921	0.0675	0.0861	
0.0024	0.1838	0.0950	0.0130	0.0092	0.0134	0.1221	0.0956	0.2207	0.2447	
0.3290	0.1026	0.1033	0.0862	0.0280	0.0571	0.2128	0.0262	0.0495	0.0054	
0.3301	0.0563	0.0531	0.1036	0.0595	0.1668	0.1501	0.0073	0.0054	0.0678	

Emissions
0.0891	0.1693	0.2820	0.0125	0.0170	0.0045	0.0473	0.0704	0.3079	
0.0115	0.0928	0.1093	0.2170	0.0220	0.1488	0.1561	0.1767	0.0657	
0.1250	0.1581	0.0902	0.0326	0.0574	0.0452	0.1336	0.2253	0.1326	
0.2571	0.0459	0.2072	0.0877	0.0225	0.0163	0.0146	0.2903	0.0584	
0.0165	0.0336	0.3354	0.0023	0.1816	0.1433	0.0585	0.1214	0.1075	
0.1320	0.1597	0.0204	0.0605	0.0088	0.0677	0.3116	0.2096	0.0298	
0.1664	0.3157	0.0462	0.0779	0.0298	0.0008	0.1672	0.1166	0.0794	
0.0989	0.0744	0.0245	0.2984	0.1210	0.1818	0.1221	0.0601	0.0188	
0.0395	0.0608	0.1687	0.0003	0.1034	0.3868	0.1709	0.0559	0.0137	
0.0372	0.1550	0.1310	0.0000	0.1268	0.3126	0.0442	0.0903	0.1028	
