DataSet 36
Learner: Baum Welch Learner
Log Likelihood: 121064.0407764210

Number of States: 20
Number of Symbols: 9
Threshold: 0.01

Initial Distribution:
0.0003	0.7457	0.0021	0.0097	0.0187	0.0004	0.0107	0.0018	0.0021	0.0230	0.0522	0.0340	0.0214	0.0008	0.0044	0.0000	0.0000	0.0258	0.0293	0.0178	

Transitions:
0.0838	0.0392	0.0338	0.0565	0.0745	0.0120	0.1119	0.0160	0.0661	0.0755	0.0452	0.0977	0.0251	0.0654	0.0487	0.0320	0.0332	0.0198	0.0441	0.0196	
0.0031	0.0001	0.1506	0.0005	0.0058	0.0423	0.0026	0.0154	0.1440	0.1209	0.0167	0.0008	0.0669	0.2481	0.0264	0.1171	0.0006	0.0039	0.0330	0.0014	
0.0651	0.0455	0.0553	0.0283	0.0165	0.1279	0.0419	0.0529	0.0314	0.0179	0.0205	0.0525	0.0455	0.0042	0.0518	0.0579	0.1680	0.0479	0.0295	0.0396	
0.0390	0.0513	0.0464	0.0701	0.0458	0.0144	0.0059	0.0327	0.0330	0.0894	0.0650	0.0925	0.0731	0.0381	0.0810	0.0683	0.0276	0.0369	0.0621	0.0275	
0.0069	0.0199	0.0401	0.0303	0.0729	0.0305	0.0210	0.0760	0.0437	0.0058	0.1233	0.0529	0.0985	0.0273	0.1016	0.0874	0.0303	0.0169	0.0587	0.0560	
0.0794	0.0011	0.0274	0.0752	0.0714	0.0600	0.0577	0.0349	0.0318	0.0759	0.0194	0.0647	0.0895	0.0040	0.0438	0.0045	0.1040	0.0410	0.0078	0.1065	
0.0064	0.0342	0.0276	0.0270	0.0004	0.0074	0.1266	0.0242	0.0876	0.0834	0.0068	0.0353	0.0914	0.1869	0.0661	0.0090	0.0124	0.0036	0.0477	0.1159	
0.0236	0.0566	0.0127	0.0367	0.0873	0.0198	0.0526	0.0535	0.1060	0.0548	0.1160	0.0604	0.0095	0.0526	0.0950	0.0331	0.0331	0.0057	0.0367	0.0542	
0.0910	0.0089	0.0191	0.0829	0.0941	0.0601	0.0691	0.0931	0.0516	0.0147	0.0644	0.1234	0.0544	0.0127	0.0699	0.0185	0.0011	0.0320	0.0137	0.0252	
0.0635	0.0160	0.0144	0.0825	0.0740	0.0761	0.0144	0.0711	0.0141	0.0826	0.0152	0.0635	0.0246	0.0493	0.0689	0.0188	0.1423	0.0377	0.0646	0.0064	
0.0598	0.0335	0.0064	0.0754	0.1067	0.1014	0.0278	0.1135	0.0726	0.0423	0.0323	0.0020	0.0844	0.0132	0.0291	0.0967	0.0769	0.0076	0.0088	0.0095	
0.0780	0.0179	0.0541	0.0845	0.0090	0.0921	0.0465	0.0787	0.1344	0.0376	0.0416	0.0394	0.0244	0.0230	0.0015	0.1089	0.0093	0.0451	0.0052	0.0689	
0.0286	0.0333	0.0198	0.0898	0.0682	0.0267	0.0235	0.0358	0.0337	0.0084	0.0212	0.1028	0.0439	0.0477	0.0684	0.0430	0.1279	0.0421	0.0619	0.0733	
0.0337	0.0020	0.0163	0.0753	0.0637	0.1262	0.0918	0.0475	0.0043	0.0265	0.0368	0.0372	0.0022	0.0241	0.0852	0.0205	0.2232	0.0068	0.0107	0.0660	
0.0818	0.0385	0.0156	0.0518	0.0227	0.0901	0.0142	0.0880	0.0802	0.0500	0.0829	0.0786	0.0805	0.0218	0.0421	0.0173	0.0180	0.0327	0.0473	0.0459	
0.0375	0.0811	0.0052	0.0962	0.0473	0.0736	0.0980	0.0020	0.0351	0.0115	0.0354	0.1037	0.0227	0.0527	0.0052	0.0721	0.0921	0.0644	0.0504	0.0137	
0.0633	0.0620	0.0795	0.0406	0.0234	0.0339	0.1265	0.0207	0.0016	0.0553	0.0102	0.0398	0.0451	0.0715	0.0337	0.0129	0.0358	0.0707	0.0963	0.0773	
0.0248	0.0079	0.0228	0.0795	0.0339	0.0121	0.0434	0.0118	0.0333	0.0487	0.0482	0.0419	0.0966	0.0741	0.0875	0.0392	0.1150	0.0867	0.0295	0.0631	
0.0243	0.0401	0.0729	0.0543	0.0073	0.0538	0.0262	0.0400	0.0329	0.0949	0.0684	0.0316	0.0912	0.0311	0.0903	0.0880	0.0886	0.0230	0.0152	0.0258	
0.0670	0.0363	0.0786	0.0701	0.0411	0.0626	0.1077	0.0014	0.0212	0.0347	0.0714	0.0761	0.0312	0.0698	0.0196	0.0465	0.0112	0.0613	0.0524	0.0397	

Emissions
0.0788	0.0768	0.2123	0.0876	0.0671	0.2117	0.0495	0.1233	0.0928	
0.0315	0.0943	0.1463	0.0000	0.1177	0.4091	0.1242	0.0250	0.0520	
0.2095	0.3453	0.0009	0.0575	0.0274	0.0049	0.1921	0.0337	0.1288	
0.0329	0.0173	0.2032	0.0561	0.0702	0.2465	0.0982	0.1619	0.1137	
0.0608	0.0318	0.3214	0.0196	0.0693	0.1520	0.0710	0.1291	0.1450	
0.2605	0.0207	0.1983	0.1557	0.0424	0.0424	0.2126	0.0153	0.0522	
0.0293	0.0671	0.0515	0.0603	0.1111	0.2983	0.1299	0.2266	0.0260	
0.1082	0.0154	0.3139	0.0803	0.0823	0.0336	0.1137	0.0411	0.2115	
0.0902	0.1122	0.2262	0.0215	0.0179	0.0035	0.0034	0.0920	0.4331	
0.1081	0.3402	0.1921	0.0108	0.0279	0.0426	0.1007	0.1167	0.0610	
0.0632	0.1985	0.1357	0.0017	0.1353	0.0723	0.0598	0.2871	0.0464	
0.0312	0.0602	0.2031	0.0163	0.2357	0.0997	0.0638	0.2779	0.0120	
0.0287	0.2030	0.1317	0.0086	0.0297	0.0531	0.1020	0.2709	0.1724	
0.1537	0.2471	0.0791	0.0382	0.0016	0.0098	0.2253	0.1359	0.1093	
0.1163	0.0389	0.1961	0.0600	0.0212	0.0423	0.1352	0.3736	0.0164	
0.1673	0.1774	0.1413	0.1132	0.0062	0.0192	0.0571	0.1279	0.1903	
0.0938	0.0681	0.0582	0.4784	0.0636	0.1419	0.0725	0.0009	0.0226	
0.0880	0.1567	0.0627	0.0027	0.0367	0.1920	0.2086	0.2027	0.0498	
0.0781	0.2273	0.2064	0.0125	0.0203	0.1907	0.1375	0.0454	0.0817	
0.0339	0.1113	0.0332	0.0345	0.1376	0.2951	0.1716	0.0721	0.1105	
