DataSet 36
Learner: Baum Welch Learner
Log Likelihood: 119017.6729245650

Number of States: 30
Number of Symbols: 9
Threshold: 0.01

Initial Distribution:
0.0000	0.0000	0.0011	0.2396	0.0000	0.0000	0.0000	0.0027	0.0000	0.0007	0.0000	0.0771	0.0000	0.0040	0.0006	0.0000	0.4189	0.0000	0.0000	0.0002	0.0000	0.0000	0.2175	0.0103	0.0000	0.0256	0.0017	0.0000	0.0000	0.0000	

Transitions:
0.2550	0.0322	0.0012	0.0013	0.0419	0.0092	0.0937	0.0192	0.0075	0.0023	0.0335	0.0486	0.0233	0.0240	0.0004	0.0099	0.0271	0.0001	0.0041	0.0856	0.0213	0.0354	0.0016	0.1044	0.0056	0.0263	0.0284	0.0139	0.0144	0.0286	
0.0160	0.0151	0.0565	0.0023	0.0394	0.0251	0.4272	0.0337	0.0161	0.0014	0.0074	0.0114	0.0170	0.0019	0.0524	0.0116	0.0013	0.0075	0.0385	0.0029	0.0020	0.0074	0.0190	0.0189	0.0281	0.1222	0.0152	0.0020	0.0001	0.0005	
0.0077	0.0557	0.0073	0.0035	0.0091	0.0300	0.0015	0.0041	0.0328	0.0595	0.0130	0.1144	0.0021	0.0290	0.0248	0.0233	0.0709	0.0503	0.0060	0.0699	0.0066	0.1729	0.0134	0.0175	0.0094	0.0099	0.0493	0.0199	0.0445	0.0417	
0.0018	0.0297	0.0005	0.0025	0.0001	0.0017	0.0039	0.0001	0.0039	0.1043	0.0409	0.0102	0.0335	0.0025	0.5656	0.0153	0.0001	0.0189	0.0009	0.0006	0.0640	0.0027	0.0002	0.0031	0.0002	0.0089	0.0001	0.0029	0.0016	0.0792	
0.1001	0.0320	0.0541	0.0501	0.0458	0.0003	0.0224	0.0188	0.0061	0.0001	0.0139	0.1011	0.0270	0.0389	0.0079	0.0147	0.1015	0.0117	0.0006	0.0128	0.0657	0.0123	0.0321	0.0173	0.0608	0.0602	0.0529	0.0087	0.0197	0.0104	
0.0178	0.0369	0.0524	0.1208	0.0564	0.0227	0.0632	0.0332	0.0230	0.0105	0.0102	0.0058	0.0452	0.0091	0.0497	0.0048	0.0170	0.0029	0.0214	0.0001	0.0241	0.0002	0.1219	0.0536	0.0004	0.1503	0.0258	0.0096	0.0100	0.0009	
0.0298	0.2856	0.0021	0.0031	0.0479	0.0386	0.0137	0.0110	0.0398	0.0081	0.0005	0.0452	0.0401	0.0076	0.0227	0.0234	0.0113	0.0094	0.0050	0.0232	0.0002	0.0342	0.0148	0.0027	0.0705	0.0010	0.0113	0.0173	0.1788	0.0010	
0.0531	0.0413	0.0408	0.0263	0.0085	0.0153	0.0081	0.0059	0.0158	0.0317	0.0217	0.0302	0.0135	0.0691	0.1463	0.0124	0.0098	0.0185	0.0323	0.0224	0.0451	0.0602	0.0000	0.0369	0.0027	0.0999	0.0003	0.0412	0.0338	0.0569	
0.0987	0.0094	0.0417	0.1762	0.0023	0.0124	0.1190	0.1497	0.0259	0.0106	0.0276	0.0036	0.0001	0.0112	0.0406	0.0026	0.0125	0.0034	0.0119	0.0291	0.0165	0.0328	0.0034	0.0226	0.0221	0.0613	0.0248	0.0106	0.0134	0.0041	
0.0129	0.0036	0.0228	0.0101	0.0032	0.0028	0.0073	0.0185	0.0390	0.2929	0.0149	0.0052	0.0090	0.0187	0.0504	0.0100	0.0091	0.0545	0.0714	0.0255	0.0174	0.0771	0.0070	0.0711	0.0010	0.0119	0.0079	0.0266	0.0212	0.0770	
0.0266	0.1062	0.0318	0.0060	0.0328	0.0343	0.0638	0.0330	0.0065	0.0355	0.0607	0.0934	0.0715	0.0369	0.0347	0.0111	0.0180	0.0437	0.0449	0.0250	0.0076	0.0035	0.0011	0.0256	0.0044	0.0309	0.0238	0.0233	0.0324	0.0309	
0.0824	0.0480	0.0230	0.0193	0.0501	0.0613	0.0166	0.0046	0.0429	0.0099	0.0437	0.0282	0.0385	0.0198	0.0007	0.0256	0.0069	0.0606	0.0519	0.0307	0.0131	0.0171	0.0123	0.0760	0.0529	0.0279	0.0425	0.0521	0.0059	0.0354	
0.0637	0.0099	0.1136	0.0039	0.1191	0.0039	0.1750	0.0211	0.0057	0.0059	0.0046	0.0077	0.0050	0.0102	0.0995	0.0203	0.0253	0.0161	0.0241	0.0257	0.0171	0.0159	0.0140	0.0280	0.0331	0.0880	0.0091	0.0107	0.0206	0.0033	
0.0468	0.0037	0.0890	0.0170	0.0150	0.0156	0.0884	0.0172	0.0299	0.1553	0.0294	0.0074	0.0280	0.0232	0.0656	0.0021	0.0085	0.0182	0.0008	0.0012	0.0419	0.1070	0.0055	0.0587	0.0091	0.0214	0.0120	0.0307	0.0369	0.0146	
0.0098	0.1198	0.0008	0.0002	0.0204	0.1114	0.0013	0.0011	0.1320	0.0033	0.0107	0.0010	0.0261	0.0077	0.0014	0.0636	0.0040	0.0597	0.3719	0.0046	0.0056	0.0019	0.0006	0.0017	0.0034	0.0026	0.0029	0.0079	0.0167	0.0060	
0.0246	0.0516	0.0847	0.0445	0.0823	0.0013	0.0569	0.0654	0.0262	0.0145	0.0437	0.0072	0.0295	0.0240	0.0585	0.0251	0.0283	0.0251	0.0427	0.0132	0.0167	0.0119	0.0789	0.0381	0.0339	0.0195	0.0134	0.0143	0.0150	0.0093	
0.0139	0.0022	0.0013	0.0034	0.0048	0.0039	0.0011	0.0000	0.0081	0.0000	0.0061	0.0017	0.0005	0.0014	0.0130	0.0009	0.0000	0.0008	0.0000	0.0673	0.0276	0.1620	0.0008	0.0001	0.6040	0.0043	0.0007	0.0128	0.0545	0.0027	
0.0321	0.1021	0.0023	0.0794	0.0384	0.0117	0.0722	0.0810	0.0017	0.0127	0.0195	0.0213	0.0040	0.0225	0.1333	0.0232	0.0289	0.0064	0.0075	0.0195	0.0415	0.0363	0.0760	0.0026	0.0224	0.0182	0.0273	0.0153	0.0303	0.0105	
0.0142	0.0328	0.0013	0.2489	0.0045	0.0502	0.0367	0.0272	0.0167	0.0015	0.0090	0.0059	0.0094	0.0062	0.0084	0.0015	0.0212	0.0032	0.0022	0.0046	0.0060	0.0061	0.4255	0.0027	0.0229	0.0240	0.0008	0.0045	0.0016	0.0004	
0.0589	0.0017	0.1708	0.0009	0.0956	0.0031	0.0176	0.0085	0.0053	0.0509	0.0288	0.0008	0.0245	0.0411	0.0066	0.0161	0.0188	0.0364	0.0249	0.0107	0.0068	0.0133	0.0030	0.1162	0.0084	0.0231	0.0541	0.0944	0.0112	0.0477	
0.0347	0.2504	0.0132	0.0010	0.0197	0.0334	0.0149	0.0074	0.0633	0.0016	0.0459	0.0464	0.0374	0.0097	0.0227	0.0426	0.0022	0.0262	0.1042	0.0030	0.0144	0.0015	0.0006	0.0206	0.0065	0.0005	0.0194	0.0110	0.0806	0.0650	
0.0753	0.0165	0.0647	0.0014	0.0121	0.0114	0.0187	0.1121	0.0188	0.0282	0.0106	0.0017	0.0163	0.0888	0.0012	0.0120	0.0034	0.0097	0.0057	0.0165	0.0014	0.0026	0.0023	0.0018	0.0146	0.0148	0.0807	0.0999	0.1969	0.0598	
0.0126	0.0019	0.0002	0.0002	0.0002	0.0026	0.0197	0.0000	0.0004	0.0010	0.0339	0.0007	0.0330	0.0014	0.4782	0.0128	0.0000	0.0060	0.0006	0.0180	0.2576	0.0326	0.0000	0.0012	0.0170	0.0097	0.0000	0.0114	0.0012	0.0459	
0.0656	0.0161	0.0445	0.0029	0.0099	0.0056	0.0284	0.0081	0.0302	0.1473	0.0245	0.0459	0.0059	0.0181	0.0013	0.0531	0.0120	0.0627	0.0046	0.0402	0.0398	0.0991	0.0031	0.0114	0.0067	0.0125	0.0137	0.0033	0.1185	0.0649	
0.0325	0.1506	0.0231	0.0014	0.0316	0.0202	0.0029	0.1026	0.0010	0.0134	0.0242	0.0124	0.0816	0.0207	0.0002	0.0081	0.0027	0.0590	0.0074	0.0047	0.0070	0.0005	0.0133	0.0230	0.0969	0.0031	0.0022	0.0908	0.0038	0.1591	
0.0859	0.1643	0.0095	0.0035	0.0104	0.0439	0.0040	0.0147	0.0429	0.0144	0.0178	0.0266	0.0673	0.0176	0.0160	0.0359	0.0086	0.0206	0.0004	0.1346	0.0020	0.0173	0.0078	0.0131	0.0040	0.0033	0.0014	0.0167	0.1572	0.0382	
0.0216	0.0078	0.0121	0.0053	0.0101	0.0249	0.0006	0.0239	0.0129	0.0494	0.0177	0.0417	0.0176	0.0520	0.0362	0.0273	0.0078	0.0104	0.0009	0.1067	0.0438	0.1438	0.0159	0.0042	0.0332	0.0146	0.0612	0.0375	0.1188	0.0404	
0.0690	0.0570	0.0061	0.0007	0.0032	0.0135	0.0077	0.0438	0.0339	0.1446	0.0564	0.0459	0.0267	0.0865	0.0031	0.0183	0.0125	0.0121	0.0015	0.0174	0.0149	0.0927	0.0085	0.0559	0.0053	0.0071	0.0447	0.0355	0.0625	0.0127	
0.0790	0.0015	0.1359	0.0036	0.0188	0.0006	0.0776	0.0324	0.0062	0.0252	0.0285	0.0064	0.0165	0.0050	0.0006	0.0105	0.0013	0.0005	0.0006	0.0085	0.0046	0.0500	0.0046	0.1288	0.0055	0.1674	0.0391	0.0373	0.0317	0.0719	
0.0296	0.0299	0.0228	0.0120	0.0076	0.0161	0.0692	0.0254	0.0079	0.1950	0.0352	0.0273	0.0297	0.0638	0.0975	0.0547	0.0108	0.0269	0.0360	0.0093	0.0012	0.0342	0.0033	0.0078	0.0101	0.0034	0.0298	0.0215	0.0045	0.0773	

Emissions
0.1928	0.0119	0.0095	0.0498	0.0316	0.0107	0.0262	0.3795	0.2882	
0.0685	0.0025	0.0746	0.2186	0.0011	0.2393	0.3701	0.0086	0.0166	
0.0127	0.0805	0.0585	0.0068	0.5685	0.0679	0.0711	0.1166	0.0174	
0.0000	0.3691	0.0037	0.0000	0.0028	0.3709	0.0463	0.0386	0.1685	
0.2274	0.0038	0.0160	0.0904	0.2289	0.1186	0.2120	0.0497	0.0531	
0.1682	0.1490	0.0893	0.0881	0.0024	0.3538	0.1010	0.0121	0.0360	
0.0147	0.2577	0.0014	0.1839	0.1541	0.0167	0.0843	0.2872	0.0000	
0.0958	0.0010	0.1021	0.0043	0.1103	0.5618	0.0273	0.0937	0.0039	
0.1907	0.1590	0.2497	0.0985	0.0088	0.1923	0.0470	0.0170	0.0369	
0.0001	0.1322	0.6535	0.0031	0.0029	0.0412	0.0190	0.1177	0.0302	
0.0442	0.0989	0.1246	0.1417	0.0329	0.0780	0.1167	0.3504	0.0126	
0.0082	0.0107	0.0619	0.0000	0.0118	0.1183	0.6154	0.1387	0.0350	
0.1643	0.0058	0.1064	0.1727	0.0059	0.0435	0.2324	0.2480	0.0210	
0.0312	0.0307	0.3612	0.0017	0.0305	0.2202	0.0851	0.1751	0.0644	
0.0027	0.4764	0.1138	0.0013	0.0003	0.0007	0.2703	0.1337	0.0007	
0.0299	0.1029	0.2562	0.1442	0.0189	0.0859	0.2376	0.1078	0.0165	
0.0881	0.0000	0.3193	0.0000	0.2294	0.1615	0.1292	0.0724	0.0000	
0.0523	0.0666	0.3819	0.2805	0.0540	0.0484	0.0654	0.0353	0.0157	
0.0385	0.2395	0.1463	0.3670	0.0447	0.1350	0.0126	0.0162	0.0002	
0.0717	0.0415	0.0541	0.0035	0.0059	0.0906	0.1309	0.1222	0.4797	
0.0434	0.2304	0.2794	0.1236	0.0010	0.0011	0.0810	0.1854	0.0548	
0.0343	0.2101	0.0741	0.0030	0.0022	0.0018	0.0144	0.1124	0.5476	
0.0022	0.0819	0.0156	0.0000	0.0126	0.7611	0.0425	0.0052	0.0789	
0.0076	0.0826	0.1110	0.0001	0.2263	0.0749	0.0656	0.3802	0.0518	
0.5270	0.0588	0.0028	0.0363	0.0158	0.0258	0.0217	0.0043	0.3077	
0.0239	0.2469	0.0027	0.0002	0.0578	0.0399	0.0748	0.5435	0.0103	
0.0437	0.1002	0.2042	0.0018	0.3151	0.0982	0.0867	0.0404	0.1097	
0.2895	0.0395	0.2544	0.0276	0.0512	0.0652	0.0284	0.1607	0.0836	
0.2130	0.0037	0.2067	0.0079	0.0025	0.0762	0.0171	0.0244	0.4484	
0.0874	0.0070	0.6089	0.0526	0.0270	0.0030	0.0402	0.1676	0.0062	
