DataSet 36
Learner: Baum Welch Learner
Log Likelihood: 121743.5589578650

Number of States: 20
Number of Symbols: 9
Threshold: 0.01

Initial Distribution:
0.0959	0.0066	0.0335	0.0174	0.0008	0.0831	0.1309	0.0644	0.3954	0.0016	0.0912	0.0072	0.0254	0.0085	0.0160	0.0006	0.0057	0.0013	0.0105	0.0040	

Transitions:
0.0593	0.0458	0.0791	0.0243	0.0699	0.0442	0.0235	0.0382	0.0027	0.0604	0.0512	0.0113	0.0417	0.0869	0.0964	0.0533	0.0638	0.0362	0.0424	0.0694	
0.0215	0.0363	0.0448	0.0455	0.0605	0.1044	0.0885	0.0724	0.0409	0.0303	0.0629	0.0662	0.0762	0.0102	0.0175	0.0326	0.0030	0.0260	0.0714	0.0889	
0.0210	0.0369	0.0558	0.0889	0.1226	0.0844	0.0603	0.0859	0.0203	0.0132	0.0504	0.0045	0.0911	0.0049	0.0141	0.0866	0.0030	0.0455	0.0569	0.0536	
0.0458	0.0543	0.0093	0.0691	0.0855	0.0137	0.0258	0.0354	0.0516	0.0531	0.0374	0.0496	0.0420	0.0631	0.0321	0.0859	0.0992	0.0387	0.0389	0.0695	
0.0304	0.0329	0.0783	0.0238	0.0638	0.0683	0.0585	0.0628	0.1362	0.0752	0.0282	0.0663	0.0370	0.0216	0.0235	0.0631	0.0206	0.0507	0.0095	0.0491	
0.0226	0.0236	0.0919	0.0559	0.1025	0.0133	0.0424	0.0151	0.0416	0.0351	0.0485	0.0590	0.0913	0.0816	0.0103	0.0414	0.1005	0.0807	0.0180	0.0247	
0.0391	0.0765	0.0723	0.0229	0.0286	0.1056	0.0002	0.0334	0.0199	0.0902	0.0729	0.0274	0.0322	0.0075	0.0582	0.0279	0.0619	0.1198	0.0458	0.0577	
0.0075	0.0618	0.0208	0.0502	0.1324	0.0741	0.0503	0.0495	0.0101	0.0034	0.0573	0.0257	0.0241	0.0747	0.0052	0.1072	0.0663	0.0596	0.0460	0.0738	
0.0063	0.0379	0.0835	0.0640	0.1184	0.0210	0.0137	0.1364	0.0052	0.0001	0.0492	0.0362	0.0368	0.0642	0.0135	0.1969	0.0417	0.0024	0.0158	0.0567	
0.0228	0.0427	0.0101	0.0333	0.0757	0.0381	0.0093	0.0282	0.0692	0.0958	0.0522	0.1158	0.0291	0.0688	0.0296	0.0536	0.0978	0.0260	0.0504	0.0516	
0.0426	0.1227	0.0056	0.0119	0.0518	0.0845	0.0838	0.0536	0.0455	0.0270	0.0333	0.0811	0.0340	0.0056	0.0520	0.1011	0.0148	0.0515	0.0918	0.0057	
0.0092	0.1237	0.1216	0.0882	0.0700	0.1081	0.0539	0.0581	0.0514	0.0455	0.0072	0.0216	0.0035	0.0754	0.0089	0.0618	0.0681	0.0063	0.0064	0.0112	
0.0415	0.0604	0.0699	0.0711	0.0476	0.0867	0.0452	0.0351	0.0302	0.0715	0.0599	0.0424	0.0294	0.0754	0.0476	0.0565	0.0017	0.0367	0.0447	0.0464	
0.0415	0.0410	0.0081	0.0529	0.0103	0.0176	0.0545	0.0604	0.0957	0.1253	0.0200	0.0072	0.0237	0.1000	0.0602	0.0445	0.0176	0.1368	0.0222	0.0606	
0.0105	0.0112	0.0101	0.0817	0.0653	0.0467	0.0608	0.0082	0.0482	0.1006	0.0767	0.0107	0.0417	0.0747	0.1103	0.0219	0.0911	0.0403	0.0541	0.0352	
0.0346	0.0914	0.0541	0.0533	0.0603	0.0811	0.0302	0.0588	0.0969	0.0263	0.0431	0.0045	0.0172	0.0108	0.0391	0.0351	0.0283	0.0517	0.1155	0.0676	
0.0363	0.0505	0.0766	0.0435	0.0495	0.0107	0.0508	0.0585	0.0065	0.0309	0.0870	0.1289	0.0196	0.0871	0.0144	0.0149	0.0804	0.0693	0.0088	0.0759	
0.0299	0.0173	0.0428	0.0778	0.0134	0.0376	0.0950	0.0297	0.0093	0.0608	0.1308	0.0240	0.0386	0.0248	0.0974	0.0927	0.0107	0.0040	0.1068	0.0567	
0.0035	0.0733	0.0531	0.0331	0.0463	0.0589	0.0941	0.0423	0.0805	0.0332	0.1076	0.0522	0.0357	0.0020	0.0415	0.0447	0.1221	0.0275	0.0378	0.0104	
0.0219	0.0349	0.0563	0.0653	0.0247	0.0659	0.0513	0.0073	0.0068	0.0386	0.0105	0.0678	0.0728	0.0841	0.0832	0.0807	0.0758	0.0401	0.0348	0.0774	

Emissions
0.0626	0.0876	0.1016	0.0074	0.2059	0.1812	0.1951	0.0603	0.0984	
0.0713	0.1505	0.2172	0.1013	0.0565	0.0353	0.0965	0.1308	0.1406	
0.0062	0.2277	0.3199	0.0574	0.0175	0.1545	0.0399	0.0092	0.1677	
0.1178	0.0418	0.2047	0.0600	0.0558	0.1118	0.1248	0.1245	0.1588	
0.1603	0.2162	0.2533	0.1165	0.0348	0.0118	0.0229	0.0957	0.0886	
0.0179	0.1625	0.2371	0.0165	0.0222	0.2279	0.1429	0.0505	0.1226	
0.0731	0.1413	0.1227	0.0138	0.1756	0.2398	0.1242	0.0833	0.0262	
0.0544	0.3150	0.1136	0.0082	0.0092	0.1254	0.1641	0.1812	0.0289	
0.0048	0.0510	0.1703	0.0010	0.1107	0.5911	0.0453	0.0047	0.0213	
0.1667	0.0095	0.2398	0.0808	0.0579	0.0359	0.0252	0.2316	0.1525	
0.0176	0.0628	0.0702	0.0018	0.0308	0.1619	0.2864	0.2542	0.1144	
0.0273	0.0140	0.3829	0.0540	0.0932	0.0492	0.1258	0.2434	0.0102	
0.1160	0.2091	0.1246	0.0452	0.0785	0.1131	0.0961	0.1669	0.0503	
0.0495	0.1031	0.0424	0.1087	0.1101	0.0169	0.2125	0.1757	0.1812	
0.2367	0.0097	0.0099	0.0412	0.1772	0.1086	0.0681	0.0306	0.3179	
0.1513	0.2814	0.1056	0.1572	0.0126	0.0166	0.0783	0.1520	0.0449	
0.0296	0.0891	0.1788	0.0724	0.0430	0.0692	0.0312	0.2707	0.2160	
0.0941	0.0484	0.0329	0.1987	0.0351	0.0323	0.1767	0.2159	0.1658	
0.2464	0.0893	0.0245	0.1264	0.1043	0.1699	0.1496	0.0702	0.0194	
0.1988	0.1102	0.0672	0.1230	0.0391	0.0538	0.1538	0.2068	0.0474	
