DataSet 36
Learner: Baum Welch Learner
Log Likelihood: 121578.3519208760

Number of States: 10
Number of Symbols: 9
Threshold: 0.01

Initial Distribution:
0.0000	0.0008	0.0878	0.0792	0.4281	0.0011	0.0007	0.0129	0.0829	0.3064	

Transitions:
0.0478	0.2168	0.0655	0.0815	0.1327	0.0666	0.0431	0.1394	0.0199	0.1867	
0.2326	0.1517	0.1164	0.0402	0.0155	0.0435	0.1376	0.0564	0.1714	0.0347	
0.3168	0.0640	0.1136	0.1241	0.1364	0.0074	0.0072	0.0068	0.1772	0.0465	
0.1239	0.1140	0.1109	0.1472	0.0950	0.0357	0.1776	0.0576	0.1282	0.0098	
0.0459	0.1359	0.0630	0.0757	0.0316	0.1815	0.2668	0.0291	0.1278	0.0427	
0.2159	0.1759	0.0821	0.0506	0.1450	0.0021	0.0189	0.1285	0.0915	0.0895	
0.0447	0.0424	0.1463	0.1904	0.1052	0.1303	0.0977	0.1138	0.0518	0.0773	
0.1066	0.0749	0.1220	0.1240	0.0973	0.0276	0.1379	0.1040	0.1593	0.0463	
0.0466	0.1269	0.0722	0.0868	0.0559	0.1958	0.0788	0.0825	0.1673	0.0872	
0.0224	0.1867	0.1370	0.0060	0.0515	0.0278	0.3213	0.0568	0.1226	0.0679	

Emissions
0.1369	0.1412	0.0057	0.2638	0.1705	0.0227	0.0731	0.1276	0.0585	
0.1167	0.0615	0.0400	0.1366	0.0210	0.0259	0.2255	0.2199	0.1529	
0.0419	0.0347	0.2247	0.0094	0.0227	0.1209	0.2838	0.1823	0.0796	
0.0924	0.0167	0.4525	0.0088	0.0319	0.0827	0.0658	0.1611	0.0881	
0.0363	0.1229	0.1548	0.0026	0.1431	0.4214	0.0246	0.0377	0.0566	
0.1267	0.1979	0.1928	0.1382	0.0049	0.0135	0.1449	0.0581	0.1230	
0.1741	0.2615	0.1825	0.0400	0.0054	0.0044	0.0151	0.1713	0.1457	
0.1023	0.1056	0.0717	0.0976	0.1399	0.2299	0.0343	0.0754	0.1433	
0.0416	0.1851	0.2277	0.0017	0.0396	0.0943	0.0619	0.2151	0.1330	
0.0375	0.1229	0.0016	0.0019	0.1267	0.3965	0.2357	0.0238	0.0535	
