DataSet 36
Learner: Baum Welch Learner
Log Likelihood: 121732.0102493820

Number of States: 10
Number of Symbols: 9
Threshold: 0.01

Initial Distribution:
0.0034	0.0880	0.0381	0.0018	0.0084	0.6746	0.0272	0.0433	0.0661	0.0491	

Transitions:
0.0336	0.0863	0.0335	0.0496	0.1406	0.1481	0.2239	0.0881	0.1468	0.0494	
0.0750	0.0933	0.0005	0.0665	0.1660	0.1306	0.0593	0.0864	0.1377	0.1847	
0.0747	0.1323	0.2092	0.1205	0.0749	0.0404	0.1643	0.1464	0.0208	0.0166	
0.1319	0.0686	0.1046	0.0543	0.1042	0.1841	0.0236	0.1129	0.1342	0.0817	
0.0618	0.0863	0.0090	0.1021	0.0689	0.1277	0.1548	0.2269	0.1196	0.0429	
0.1583	0.0170	0.1744	0.0392	0.0219	0.0158	0.0702	0.1095	0.2229	0.1707	
0.1069	0.1487	0.0343	0.1037	0.0701	0.0064	0.1487	0.1252	0.1169	0.1389	
0.0960	0.1562	0.1011	0.0344	0.0761	0.1321	0.1515	0.0518	0.0455	0.1552	
0.1054	0.0040	0.0726	0.1986	0.1163	0.1144	0.1417	0.1039	0.0460	0.0971	
0.0540	0.1534	0.1639	0.0426	0.2436	0.1041	0.0327	0.0837	0.0134	0.1085	

Emissions
0.1124	0.2008	0.0571	0.0980	0.0315	0.0721	0.0463	0.1884	0.1935	
0.0111	0.1462	0.2130	0.0441	0.2147	0.0125	0.1259	0.1671	0.0655	
0.0421	0.3396	0.2095	0.0889	0.0372	0.0730	0.1541	0.0147	0.0408	
0.1125	0.0625	0.0328	0.2441	0.0439	0.0597	0.1603	0.1547	0.1295	
0.1515	0.1240	0.1670	0.1596	0.0413	0.0327	0.1054	0.0456	0.1728	
0.0244	0.0666	0.1417	0.0003	0.1048	0.4803	0.1168	0.0304	0.0347	
0.1337	0.0105	0.1422	0.0879	0.0834	0.1514	0.0975	0.2347	0.0588	
0.1214	0.0810	0.0341	0.0234	0.0482	0.1846	0.0738	0.2981	0.1354	
0.1419	0.1385	0.1095	0.0185	0.0602	0.0666	0.0789	0.2298	0.1562	
0.0774	0.1535	0.4103	0.0086	0.0065	0.0424	0.1980	0.0105	0.0927	
