DataSet 41
Learner: Baum Welch Learner
Log Likelihood: 68713.6852448975

Number of States: 10
Number of Symbols: 7
Threshold: 0.01

Initial Distribution:
0.0313	0.0037	0.2013	0.3382	0.0985	0.0378	0.0251	0.0562	0.0695	0.1385	

Transitions:
0.1269	0.1022	0.0191	0.1549	0.0104	0.1263	0.2013	0.0621	0.0129	0.1840	
0.1572	0.1534	0.0137	0.0576	0.1248	0.0785	0.0317	0.1308	0.1021	0.1502	
0.1612	0.0281	0.1209	0.0986	0.0051	0.1539	0.0647	0.1412	0.1357	0.0907	
0.1575	0.0889	0.0924	0.0735	0.1189	0.1392	0.0211	0.1398	0.0227	0.1458	
0.0244	0.0226	0.0049	0.2141	0.0320	0.0182	0.1713	0.1784	0.2200	0.1141	
0.0282	0.1292	0.0759	0.1288	0.1747	0.0812	0.1330	0.0514	0.1831	0.0145	
0.1811	0.0668	0.0477	0.0869	0.1447	0.0439	0.1498	0.0951	0.0944	0.0897	
0.0228	0.0504	0.0742	0.0767	0.1105	0.1399	0.0226	0.1701	0.1504	0.1823	
0.0009	0.1701	0.0991	0.0637	0.0654	0.0834	0.1703	0.1701	0.1212	0.0558	
0.0497	0.2012	0.0183	0.0170	0.1527	0.1488	0.1271	0.0930	0.0236	0.1686	

Emissions
0.0332	0.1907	0.0718	0.1203	0.1759	0.3683	0.0398	
0.1583	0.0131	0.0253	0.0320	0.2400	0.2057	0.3256	
0.0299	0.1275	0.1770	0.4387	0.0918	0.0418	0.0933	
0.0139	0.5130	0.0775	0.1400	0.0670	0.0249	0.1637	
0.1306	0.1895	0.1250	0.1008	0.1317	0.1071	0.2152	
0.1837	0.1914	0.0825	0.0072	0.2165	0.2072	0.1115	
0.2956	0.1897	0.0359	0.0621	0.2231	0.1711	0.0225	
0.1680	0.0158	0.2488	0.0587	0.2519	0.2201	0.0368	
0.1152	0.2648	0.0104	0.0473	0.2884	0.2619	0.0119	
0.0877	0.0571	0.2093	0.1164	0.2967	0.0050	0.2278	
