DataSet 41
Learner: Baum Welch Learner
Log Likelihood: 68638.4280052926

Number of States: 20
Number of Symbols: 7
Threshold: 0.01

Initial Distribution:
0.0561	0.0529	0.1413	0.0350	0.0022	0.0027	0.0144	0.0089	0.0095	0.0020	0.0786	0.2793	0.0293	0.0043	0.0679	0.0298	0.0219	0.0684	0.0188	0.0767	

Transitions:
0.0158	0.0483	0.0141	0.0681	0.0613	0.0614	0.0120	0.0573	0.0455	0.0528	0.0683	0.0607	0.0206	0.0498	0.0841	0.0431	0.0738	0.0524	0.0582	0.0525	
0.1001	0.0105	0.0720	0.0892	0.0592	0.1054	0.0395	0.0930	0.0538	0.1252	0.0138	0.0453	0.0458	0.0235	0.0270	0.0020	0.0307	0.0161	0.0069	0.0409	
0.0901	0.0433	0.0691	0.0500	0.0249	0.0923	0.0598	0.0704	0.0197	0.0279	0.0226	0.0660	0.0225	0.0640	0.0907	0.0049	0.0646	0.0300	0.0206	0.0665	
0.0264	0.0287	0.0186	0.0543	0.0400	0.0337	0.0371	0.1199	0.0427	0.1331	0.0227	0.0621	0.0464	0.0353	0.0635	0.0391	0.0228	0.0274	0.0661	0.0802	
0.0337	0.0859	0.0821	0.0290	0.0972	0.0317	0.0401	0.0959	0.0588	0.0271	0.0315	0.0064	0.1160	0.0378	0.0136	0.0797	0.0370	0.0622	0.0328	0.0015	
0.0538	0.0646	0.0336	0.0296	0.0011	0.0608	0.0466	0.1056	0.0122	0.0569	0.0880	0.0467	0.0675	0.0574	0.0508	0.0512	0.0702	0.0013	0.0861	0.0160	
0.1034	0.0660	0.0623	0.0160	0.0730	0.0198	0.0763	0.0141	0.0230	0.1121	0.0128	0.0674	0.0887	0.0615	0.0217	0.0534	0.0382	0.0525	0.0169	0.0209	
0.0789	0.0396	0.0536	0.1035	0.0353	0.0846	0.0381	0.0458	0.0960	0.0796	0.0004	0.0198	0.0600	0.0147	0.0062	0.0697	0.0047	0.0235	0.0519	0.0941	
0.0646	0.0304	0.0677	0.0145	0.0276	0.0057	0.0521	0.0933	0.0356	0.0936	0.0138	0.0204	0.0791	0.0552	0.0314	0.0503	0.0009	0.0711	0.0812	0.1118	
0.0641	0.0345	0.0236	0.0628	0.0939	0.0822	0.0137	0.0771	0.0604	0.0414	0.0485	0.0119	0.0760	0.0329	0.0388	0.0339	0.0638	0.0490	0.0637	0.0277	
0.0179	0.0419	0.0070	0.1000	0.0508	0.0955	0.0403	0.1151	0.1021	0.0810	0.0977	0.0344	0.0399	0.0708	0.0077	0.0195	0.0025	0.0123	0.0169	0.0465	
0.0759	0.0617	0.0274	0.0754	0.0292	0.0968	0.0276	0.0448	0.0108	0.1075	0.0790	0.0351	0.0846	0.0565	0.0701	0.0224	0.0312	0.0371	0.0132	0.0137	
0.0696	0.0260	0.0080	0.0027	0.0894	0.0233	0.1070	0.0420	0.0494	0.0479	0.0527	0.0836	0.0463	0.0470	0.0542	0.0621	0.0001	0.0276	0.0729	0.0884	
0.0336	0.0680	0.0517	0.0734	0.0620	0.0300	0.0298	0.0755	0.0753	0.0844	0.0619	0.0331	0.0709	0.0003	0.0668	0.0453	0.0551	0.0364	0.0283	0.0182	
0.0248	0.0095	0.0201	0.1039	0.0706	0.0263	0.0195	0.0851	0.0245	0.0588	0.0371	0.0223	0.1217	0.0902	0.0996	0.0504	0.0382	0.0321	0.0344	0.0310	
0.0686	0.0843	0.0411	0.0484	0.0442	0.0785	0.0560	0.0318	0.0455	0.0707	0.0594	0.0487	0.0693	0.0281	0.0264	0.0300	0.0754	0.0053	0.0269	0.0614	
0.0186	0.0848	0.0606	0.0490	0.0499	0.0774	0.0680	0.0311	0.0333	0.0668	0.0391	0.0406	0.0157	0.0198	0.0541	0.0195	0.0662	0.0820	0.0375	0.0858	
0.0522	0.0779	0.0171	0.0494	0.0657	0.0740	0.0444	0.0568	0.0462	0.0433	0.0654	0.0227	0.1015	0.0655	0.0049	0.0823	0.0281	0.0057	0.0079	0.0891	
0.0131	0.0474	0.0078	0.1098	0.0312	0.0308	0.0433	0.0737	0.1028	0.0091	0.0704	0.0151	0.0678	0.0646	0.0062	0.0343	0.0738	0.0228	0.0803	0.0957	
0.0186	0.0104	0.0736	0.0937	0.0917	0.0151	0.0596	0.0430	0.0145	0.0731	0.1003	0.0524	0.0681	0.0510	0.0601	0.0085	0.0732	0.0279	0.0249	0.0404	

Emissions
0.0557	0.2428	0.1417	0.0773	0.2339	0.1054	0.1432	
0.0979	0.2939	0.2133	0.0802	0.0798	0.0938	0.1410	
0.1515	0.4290	0.1125	0.0799	0.0394	0.0156	0.1722	
0.2830	0.1818	0.0613	0.0508	0.1237	0.2407	0.0587	
0.1566	0.1681	0.0760	0.0419	0.3215	0.1415	0.0945	
0.0826	0.0900	0.1316	0.0442	0.2018	0.3377	0.1121	
0.1713	0.1172	0.0784	0.1285	0.1398	0.0886	0.2761	
0.1656	0.1558	0.1381	0.0303	0.0583	0.3413	0.1105	
0.0800	0.1460	0.0349	0.0623	0.4057	0.1773	0.0938	
0.1123	0.0223	0.1359	0.0210	0.2825	0.3518	0.0741	
0.1581	0.0220	0.2149	0.2350	0.2457	0.0782	0.0462	
0.0137	0.3294	0.0719	0.3800	0.1148	0.0206	0.0696	
0.1029	0.0023	0.0540	0.1573	0.3558	0.0422	0.2855	
0.1674	0.0845	0.1735	0.0796	0.0685	0.3897	0.0368	
0.0583	0.1918	0.1221	0.1509	0.1171	0.1105	0.2494	
0.1387	0.2529	0.1059	0.1333	0.2108	0.0492	0.1091	
0.1595	0.2244	0.0933	0.1194	0.0634	0.2736	0.0665	
0.0295	0.2478	0.0764	0.0296	0.3624	0.0474	0.2069	
0.2460	0.0220	0.0625	0.0971	0.2454	0.0380	0.2890	
0.0537	0.3537	0.0979	0.0160	0.3776	0.0955	0.0056	
