State,0,1,2,3,4,5,6,7,8,9,10,11,12,13,14,15,16,17,18,19,20,21,22,23,24,25,26,27,28,29,30,31,32,33,34,35,36,37,38,39,40,41,42,43,44,45,46,47,48,49,50,51,52,53,54,55,56,57,58,59,
Initial,0.00538433889863073,0.0110100308505397,0.0199523064728271,0.0558420159741464,0.0232252850106248,0.00475688456768455,3.58965511423166E-05,0.0464292496000168,0.0172069646474105,0.0829264117738391,0.00134031493196982,0.0108891149306257,0.00835625488546235,0.001905519564187,0.00354582699978192,0.0368956152793778,0.0040380376872802,0.0301188876730952,0.00070102900176098,0.000105136002833301,0.0179775066264179,0.00502677174929877,0.0681794070787953,0.00374124782476954,0.0154690568655562,0.0137870579540811,0.0129178356985821,0.0168205919900838,0.0313239124185876,0.0305750940533223,0.00915989233907621,0.0164136288051154,0.0272310811760871,0.00410103096485675,0.00326847624492827,0.0100528750235736,0.00851355280800741,0.002034128679172,0.00556696421811171,0.000569392507203495,0.0665134696678545,0.000480005137206728,0.00079368604209751,0.00450693707177765,0.00859117254100806,0.026191265339996,0.0165973949673065,0.0281813623650863,0.00579976522088618,0.00637279684986052,0.00254639400576785,0.00137072007948348,0.000536251723928929,0.0709113923264871,0.0107663410630413,0.00162184151618313,0.00588614993944108,0.0329596899400454,0.0265028589497378,0.0154758789239412,
Transitions,0,1,2,3,4,5,6,7,8,9,10,11,12,13,14,15,16,17,18,19,20,21,22,23,24,25,26,27,28,29,30,31,32,33,34,35,36,37,38,39,40,41,42,43,44,45,46,47,48,49,50,51,52,53,54,55,56,57,58,59,
0,0.0159941083539163,0.0258135813917066,0.0375307560916357,0.00876222894364502,0.0276361134717424,0.0294152918922046,0.0309587659424539,0.027134451401197,0.00917691843568288,0.0195551692101645,0.0152179835209215,0.0209237648511644,0.00121263087663957,0.0110581770982405,0.00617616476516125,0.0178851690644563,0.0137290739394634,0.0289364895541189,0.042546050907448,0.0176084565982174,0.0278623616330668,0.0194879180714859,0.0164225972951025,0.0367219755040778,0.00839590881312345,0.0123104965958156,0.0253591094692863,0.00720150459581494,0.022521960610038,0.0278994532737593,0.0039398993632874,0.00113244062150866,0.00318365351476867,0.0347361371473638,0.0281065017324699,0.00708957620433615,0.00440588378360326,0.00196213205470669,0.0340651401345059,0.0330709792061591,0.0215392361521222,0.00744816681914118,0.0218879654014669,0.0113170318909261,0.0302150053237719,0.015226667562138,0.0246875633741482,0.0228889329216997,0.0278514777007274,0.0340468973717265,0.0163733743293826,0.00510693560816319,0.0186147510454359,0.0142449249872928,0.0275444294153194,0.00459955927609007,0.00106630421552974,0.000318508766792122,0.0257606515148656,0.0135268510932685,
1,0.00794910619935655,0.00891944244179662,0.00117355653999836,0.00118614828635238,0.00132562603981823,0.0213980365720855,0.00556523191149978,0.0136070701300185,0.0191764960241074,0.01573663799672,0.0262236561093762,0.00503953538619832,0.0314253346881974,0.00246934337744199,0.0220699772387738,0.0327226742735516,0.0103476062806673,0.0169783832736506,0.0152347344565367,0.0188100052101083,0.00265952836034778,0.0126351678745015,0.0154700792415284,0.0318070330233192,0.0049570837668677,0.0229967420291331,0.00325489755949774,0.0179745652674727,0.00790592923111347,0.0205831705546451,0.012581466850698,0.00103495034767061,0.0261565607191233,0.0446290295367434,0.0187580598324671,0.000949968855394888,0.0204810559874171,0.0205783365776119,0.0288774876224163,0.0257823645555847,0.0312652080100466,0.0114364058110743,0.0318722497014569,0.0209466451181196,0.024614453118472,0.0208927401422211,0.0187263078737906,0.0174224341608007,0.0241478756272878,0.00494607218017042,0.0246127071380063,0.0260025021816914,0.0227842107598014,0.0224848987226289,0.033241932559312,0.0148396014892507,0.0270112853694036,0.0189333899076951,0.0270647975933791,0.0236283040415675,
2,0.00398669112243441,0.0225304351050877,0.016381343218364,0.0158006075338238,0.0166693550627395,0.00260898471433796,0.020934397642984,0.022817171358681,0.0137697953208084,0.0307260362639669,0.000754000583821557,0.0167780284378846,0.00770952793015282,0.00232928831962021,0.0200546078672569,0.0292874765994281,0.00481147584761425,0.00203288487902658,0.00492952399074371,0.0182971211237965,0.00910682896942769,0.00688576564065133,0.0263824188702418,0.00848944634233923,0.0222675397581872,0.019019345374197,0.011238028823728,0.0125449861757946,0.0155653300454526,0.0275577510830727,0.00797815588847309,0.00160514689469195,0.0198633849260898,0.00748547222725042,0.000452505079924607,0.0218585983541422,0.0155843572611459,0.00999389131503241,0.028066441460492,0.029715551738587,0.0190283338044823,0.0251673240958841,0.0199444120226438,0.0285937931182587,0.0222765990408545,0.00111969582374423,0.0107191603852911,0.00530706799719435,0.0043853451668085,0.00468640555426579,0.00303377307426595,0.0234531570780257,0.0101168204751668,0.00159534065072293,0.00664679900578417,0.0142630780288459,0.0227384906033189,0.0110838243812308,0.0012964045782141,0.00954400631337364,
3,0.0301686411464544,0.0185368122786869,0.0265749249612071,0.0175407983543732,0.0185809964751905,0.0267299262456363,0.00226756919169117,0.0200855624160842,0.0251258182422543,0.000199136210368072,0.0292784826319793,0.0356261276217566,0.0119565926934946,0.0336226779743541,0.0274206560945321,0.0174994591727527,0.00589756661502128,0.00977753955717084,0.0208206495531563,0.0323114351803988,0.0187399383374672,0.0266695601990535,0.011855706448481,0.0307180727429766,0.0377581551280088,0.0199023926918754,0.0188057672303498,0.0253043913169496,0.00444190310918016,0.00974613298948601,0.0345019440645924,0.0250095001352307,0.00677826698540148,0.00884307130562055,0.00250055242123576,0.0236438649438866,0.0128000092611715,0.000141345733258347,0.0311475094466005,0.00377868264433499,0.012570006672384,0.0278199050292835,0.0175015995854243,0.0346586059722217,0.0139261892479782,0.0138859031324331,0.0231270241628172,0.0189714161505631,0.00305154121773635,0.0156839902798187,0.0151284594440078,0.0309317750490411,0.00580870381931139,0.0170225342579171,0.0225268272709507,0.0236037503585126,0.0120176813840491,0.0136215018142135,0.0165672861041791,0.0158657635237879,
4,0.0107728837034758,0.0124216144515852,0.000853107173944219,0.0197308405225434,0.0177878341277681,0.0264533929301662,0.00878086947365652,0.000459782510028944,0.0141078127693267,0.00255065478684124,0.0201715174449499,0.0169027102421781,0.00444954083291147,0.0104886153781758,0.0205618067861,0.0196400988030584,0.000245517334195648,0.0135973031337032,0.00733618414196304,0.0144281722460548,0.00721647409347542,0.0076570119090409,0.0122469343542236,0.0221828822804955,0.015383897419001,0.00732640709125851,0.00833218261514484,0.00386853783366425,0.0206369935083336,0.00647603295872643,0.000549932823683593,0.00219031197701468,0.0101814377029284,0.0250216283419018,0.0203160489969105,0.0238698838840806,0.0140638246315244,0.00370055695832718,0.00871306110209631,0.02202095660113,0.00746791484246476,0.00573606593374866,0.00287832577388277,0.00778499894167582,0.000198386374513787,0.0162309392283024,0.000226756775094397,0.0250213883684952,0.0193836434207146,0.025266293813157,0.0283379824360418,0.0208496991968657,0.020578374389998,0.0293052096861912,0.0129161646599545,0.0152884525096611,0.0092771090180636,0.00851655167989446,0.0183513700339251,0.0049490902044111,
5,0.0341692028664981,0.0293048093953076,0.0136764007971243,0.0325649649856303,0.0127031174883588,0.02807794772202,0.0379370916423139,0.0106613911668869,0.00388992364838009,0.0018818047288398,0.0150693687385482,0.0200643041843182,0.0387345589396916,0.0317420155904744,0.0188911815565605,0.00881193325716015,0.0173455305824323,0.0183372407862968,0.031855597237359,0.0138087634426311,0.0234024524886049,0.00316094562686693,0.0151660165748849,0.00847444421013414,0.00112935109568128,0.00437404792571585,0.0253664571382693,0.0176345385963925,0.0281709728704187,0.000297485462105353,0.0210034457985761,0.00973017161596009,0.0172171491731255,0.0220332496662072,0.00145005850186745,0.022006534895468,0.0270279534515936,0.0367266598599082,0.0305853505837477,0.0200365719489832,0.00157044398911131,0.0237629671043907,0.0308491141174248,0.0220653840237799,0.0279187166381677,0.000877395494766013,0.0386429875304449,0.0246467107782429,0.0233941782956121,0.00987166381570859,0.00854766481240435,0.00503780503684836,0.0187285170960758,0.0106484317637781,0.0096344136320442,0.0128777657235163,0.0146914703802039,0.0117392282906014,0.0172720723964053,0.032654999876154,
6,0.0183073836796087,0.00855587714837485,0.0329731609199218,0.0162152820146549,0.0413768059630902,0.0157631717112802,0.0430533260983098,0.00520421651266173,0.0254049454498505,0.00112585226447569,0.0169426790007258,0.0386488693726684,0.00504807640232427,0.00894987618174058,0.00511727674107995,0.0217129845917549,0.0226133745077581,0.0441619834616979,0.00471380846743909,0.0176154369398168,0.0220596761344465,0.0138922037111985,0.0369311544846129,0.033162145879814,0.00847334094069274,0.0216792810744282,0.0400216943421436,0.00355865064231599,0.0239713003928304,0.0334853362043931,0.0324469632138009,0.0173123580598545,0.040278165603417,0.00280277510973324,0.00481925583400179,0.0113637837430863,0.0104469358246533,0.0300924487710733,0.00565174817172867,0.0100628691405514,0.00490893317446064,0.000428487510907331,0.0272859189015459,0.0265454205911085,0.0210673426518177,0.0254389222524497,0.0212468840969284,0.0361326491506757,6.14904772161837E-05,0.00919780471567251,0.0372256885464084,0.0303089816053033,0.0337500523529503,0.00628215400987286,0.0301146222747716,0.0382546692060801,0.0298400758606621,0.0227145941851418,0.0305256475764255,0.00590121134913743,
7,0.0109115437170825,0.0138075158418958,0.0196070434451119,0.0108478458064367,0.0024929963567583,0.00478436555694449,0.0145501871331231,0.011651812950356,0.0153982287467917,0.0253818820695906,0.0101706506842175,0.00511561650971297,0.0153392827255113,0.00721927343145792,0.0175303848308913,0.00693823413783263,0.0160386943022687,0.00777124151994395,0.0012872939173598,0.00527059445403064,0.000919937451513396,0.0020917173377024,0.0240451158736409,0.018469007939197,0.00294562843565918,0.0111922172056817,0.000533219224160202,0.0113747227029122,0.00651377166357989,0.0109161307278831,0.0176582178461978,0.00847934976462151,0.00509030838249125,0.0112562641923613,0.0223937050121572,0.0125699911545511,0.00736254510853316,0.000583558563055367,0.0101071335688817,0.0110978854833088,0.0178328262554324,0.0123380269278193,0.00832705337655845,0.00307604765032954,0.00913876482480648,0.00516089416219202,0.00705852591519637,0.0163470983602985,0.00607532208569455,0.00561495462787606,0.0184371759445124,0.0146065260785657,0.0185838914038429,0.0215585598397966,0.0220020698700573,0.0118369752595317,0.0022034913538871,0.0181817102553904,0.00870602143282007,0.0117461894542279,
8,0.0128412462976021,0.00125733692314898,0.0156885607218938,0.00872014959666152,0.0134595499752157,0.0287898031741319,0.00622924288033064,0.00902570129639242,0.031290689779986,0.0112247794990178,0.00141342361746353,0.00985154806750877,0.0182703858087059,0.0177754619505006,0.00733686412362821,0.0205499660093637,0.0235472517028358,0.0260243880730576,0.0041965242336413,0.0296881183472725,0.0259113794368142,0.00310204243107073,0.0253515374901603,0.00154083021842429,0.00512833594552723,0.0150848510549399,0.0279921247327884,0.0262390986132395,0.015665261377375,0.024788260494776,0.00803491048804872,0.0285377506952911,0.0185517965159554,0.017185751048792,0.0144992206895172,0.0238206395211008,0.00323540101876822,0.0033008460032612,0.00623567514990005,0.0163614696568201,0.0270831114387378,0.00981261469232277,0.0324927360501515,0.00515136320742895,0.016957966849522,0.000986189393195001,0.017913980428313,0.0228637935922056,0.0128046009217029,0.0017347335979751,0.0143128143668667,0.0120022354939665,0.0094663315920197,0.0207144814207753,0.0272021285459691,0.000342380701034496,0.0191308749044047,0.0022966090825587,0.00912849778796998,0.0256777813311988,
9,0.0161088810043544,0.0228527811987589,0.000910980655118997,0.00418358498945595,0.0055185111635738,0.0182616440547313,0.00184528865785231,0.00788683647480651,0.020806591241136,0.025939723831512,0.0103286767856496,0.0044397755751802,0.0232291787099488,0.0276933177621617,0.0127921581871475,0.0114842387347598,0.024641960253148,0.00528498950215828,0.0224362689768385,0.007021358465376,0.0253715279236984,0.00994468942778234,0.0130290715408012,0.0198269205686111,0.00138322446155185,0.0244719413415442,0.000746325969549027,0.0181487841609863,0.00404071847182391,0.00197912240563915,0.028134494758749,0.0156599759437648,0.0082617818004253,0.00757447100476138,0.0223964134500519,0.0148356941844786,0.0192221921769511,0.000857604149673809,0.000451547205249726,0.0251805970292496,0.00391735935821189,0.0117209446458375,0.0175963978522123,0.00640512095038066,0.0206821918899232,0.000276581842993288,0.0272548648680209,0.0112958017351494,0.0148285621015038,0.0105073417369082,0.0222687319557575,0.0221423733417314,0.00756254343515979,0.0252863297469087,0.0090519354896688,0.0212790308930265,0.00184210616341308,0.013468127615106,0.00120711981184765,0.00227331026706578,
10,0.00333747845782313,0.0232596604697624,0.0210207950278717,0.0201234898721983,0.0314462820974621,0.0156285388462774,0.0085371154171038,0.0191949286862826,0.0199975355225885,0.00128782872581262,0.0212913199963403,0.0184210962127243,0.00864281211943849,0.0272583169074879,0.0106076427648994,0.0271672563244392,0.0108918567976655,0.00639213966038268,0.0400437658432963,0.0191639094380892,0.0223288434786454,0.0202268967058621,0.0188690923941631,0.0316763281565585,0.0232955371012586,0.000399571328433349,0.0190002553284438,0.014389612950155,0.0347286406545709,0.0324613153246437,0.0212182452565342,0.00668048412536949,0.0217035085401255,0.00387812585998524,0.0230803823856067,0.0286520355365807,0.0181755328240673,0.0342209149907609,0.00184153071363651,0.010529805565307,0.00366391288541161,0.0157650519943483,0.0326976238949148,0.0208899378293327,0.0177581655687897,0.0182544736039875,0.00468266321839066,0.0403387459094242,0.0279925013622705,0.0306281388513666,0.0252612296409947,0.00118660954211137,0.0106187133404324,0.0318674428199903,0.0375146025647773,0.0167964976364817,0.00288873058752664,0.0152133215069767,0.0213516104732407,0.0333957812657376,
11,0.0139701789234554,0.0175466043454026,0.0287868534496367,0.029239834980032,0.02099977961602,0.00867491954766385,0.0255815220573955,0.0114124867162762,0.0162609419301397,0.0243056573049915,0.000159008084979664,0.0367821737212648,0.00981073765088295,0.00674987591035512,0.0154900186216324,0.00124767042302676,0.00252165540593153,0.0114615054307394,0.0220049098361827,0.0249990503171535,0.00976203854054397,0.0150521087520951,0.00132233200170328,0.0260365849452377,0.0193479033869,0.015632697959186,0.011701118944028,0.0252626616162455,0.0178165607151238,0.0193470136020619,0.00462219988452656,0.0306963257576843,0.012535630131751,0.00512465381772752,0.000357800490557937,0.00746294381856125,0.0195631313564231,0.0100408779485914,0.0183882255646081,0.0190216318280245,0.017348777647896,0.0251278646019804,0.0373341213377781,0.00310755665071579,0.0128084048070898,0.00497472663081146,0.00473863183046421,0.0108365106123825,0.00624705843923168,0.000948340899806163,0.0241633882375881,0.0163562889074629,0.0213983348842493,0.0303864016464157,0.0108500381391441,0.0131880466632798,0.0252294214243612,0.0242784242226782,0.0100539440845436,0.0239819584022762,
12,0.0243493982952547,0.0270696791272845,0.024779361744333,0.0228349966096622,0.0328272056383397,0.0100350975562451,0.0172441500282371,0.00371102047564471,0.0340257740520611,0.00796326015028475,0.0227177799554326,0.00171509986179452,0.00395894285552037,0.0108781784512651,0.0223269804834636,0.0108780962214664,0.00923889324080251,0.0332879456984694,0.0452462281917585,0.0309336187490158,0.0301428648286525,0.0327609604028629,0.014300378109782,0.0323205286369607,0.0018380935872738,4.28532913281091E-05,0.00143507901300634,0.00375274570784044,0.00666799378002329,0.0193662154653889,0.0038953747293415,0.033923702015688,0.0151171647801646,0.0334246510647336,0.0263376331652777,0.00796450898795236,0.0323762276439264,0.0108535692784975,0.00398845842092377,0.0135545618410632,0.0156068967799048,0.00332644333597934,0.0182527063384512,0.0151485249734446,0.0338051623828688,0.0030102467208108,0.0325473960023024,0.00768916968652355,0.0270054416941743,0.0207919170003385,0.0325100360065106,0.0240295233230062,0.00637137592200582,0.0321846046718999,0.00329300929862914,0.0234196347134296,0.0359203575433563,0.00951999390440231,0.0146680400901149,0.0267374118380318,
13,0.0273891833309537,0.0154621380462769,0.0185628284789864,0.0349451812539055,0.0185977368318328,0.0257205594399062,0.00171918108427973,0.0386551664777809,0.0320469084289845,0.0331333389710226,0.00981158117490057,0.00916757939312796,0.0190573854200671,0.0424522837520923,0.00895129645884107,0.0320765644247057,0.0191261829007249,0.0184635765739976,0.00372306339934276,0.0245803069763007,0.0320591760998677,0.0307780600257406,0.0339803752002868,0.0174033309279249,0.00992359770509905,0.0176463964194801,0.0189417908967065,0.00583790040159021,0.00940028383603634,0.00643416495218801,0.022476666387938,0.00266995572445229,0.0329287978226169,0.00827905336814084,0.00134262211081465,0.0247737876784251,0.0233420497469005,0.0332806530129835,0.00065614886593582,0.0129430857621557,0.00289474027294652,0.0202948793059437,0.00865310047006734,0.0209662946280956,0.0256670245366802,0.0382813343041926,0.0328404293483232,0.0181869545783011,0.0330552014963528,0.0113111517078789,0.0159170185110244,0.00291343399625171,0.0147939691334063,0.00144226307986477,0.00915442526900298,0.000206147115950435,0.0147295225910591,0.0348632512030221,0.041446335361856,0.0108974406516192,
14,0.00945934231448043,0.0296388279225165,0.0197466383828221,0.0225778513550797,0.00157795024010442,0.0138687742368931,0.0143222377565636,0.0317950633820267,0.0182854950761764,0.00828014319078173,0.0284721844230509,1.14219509703179E-05,0.0204972481042285,0.0171037835066838,0.0319281538050229,0.0296365500984877,0.017549803717722,0.0237302559029613,0.0240170568377793,0.0247318535212074,0.00704039064497309,0.0258174838865588,0.0292790490600378,0.00669141494298118,0.0213718210038586,0.0161574509338456,0.020224844685732,0.0306119186477831,0.0318151830152177,0.022970813458218,0.0219573615742523,0.0238039560262977,0.0115902218032778,0.00906964431578884,0.00838870316545749,0.00420625564134169,0.0181029438019694,0.0197581745125001,0.000891294026020146,0.0123080712989872,0.0302423914709648,0.00756166686340974,0.0121719007876598,0.00339919916678269,0.0283905777133891,0.0258773712415316,0.0323555873830112,0.0252478314114629,0.0244993260992877,0.0248332418748357,0.0298198759790881,0.021494691150799,0.0268107960137829,0.00996962026512769,0.00368752374462161,0.0178720189647395,0.0274446388450684,0.0102084170499073,0.0273522538509747,0.0263559152884918,
15,0.0220180202371369,0.00220296942475688,0.0280259908876978,0.0141144340538903,0.023175256388137,0.0245039324139173,0.00747941192424702,0.0187539979436538,0.00299585818048617,0.00502851976615347,0.0194217383614009,0.0276862597068882,0.0120798051288819,0.0207015463437693,0.00433686670158273,0.00179287593516339,0.0149826092320417,0.00292643458681269,0.0233353868102817,0.00153757546931294,0.0189258349351926,0.0170037946897048,0.0215611184552815,0.00544786095531819,0.0170641787551894,0.0109678503216832,0.0102159893343539,0.0244523450647997,0.021004167526292,0.00560990554859457,0.0336355168354638,0.0150040472374945,0.0200714225217685,0.00790799185376918,0.0100465324742833,0.0110641183190063,0.0152308942277643,0.0347853095315174,0.00712306022628438,0.00792369511125777,0.00832439129906634,0.0251847866599723,0.00769480853313888,0.0256552573745526,0.019395120883157,0.00224802757695184,0.00575878824400412,0.0258491216974007,0.0188605064094972,0.00507494691926188,0.0166274564806497,0.00771588756708738,0.00493901301722184,0.00959463527073039,0.00210112855277558,0.0158604117315962,0.0255947048047694,0.0254670257543242,0.024519822364615,0.00794315483097346,
16,0.0206740726174397,0.0183307500370588,0.0152120370687253,0.00888214396839689,0.000969907356438424,0.0258846880898057,0.0205306981809022,0.00455380767268428,0.0300044432168868,0.00157587182634057,0.0140855373016571,0.0134093195719051,0.00371395178839926,0.000581425156787897,0.00606117460130606,0.0118719305394226,0.0332580390053968,0.0232153489749535,0.0139765917640272,0.0228274124219827,0.0289921640686108,0.013489263955837,0.0384226321645159,0.0233074952577917,0.03311738531808,0.0165780553445945,0.0182994741839224,0.00801244784022707,0.0211805531257362,0.034675027581022,0.00535539078286595,0.01133319242576,0.0152113665711833,0.00123892869163179,0.0129207379941814,0.0130379133781672,0.00528838956685583,0.00483530688540428,0.0331184158680634,0.02908792264763,0.0355037969646819,0.0116361282493222,0.018851078644722,0.0107818044630046,0.0161374322083421,0.00564650342537534,0.00964765469851635,0.0136025652829571,0.0230907143600228,0.0317831985130348,0.0100971166538189,0.0194555903214685,0.0135754092768321,0.00883574771801412,0.0317535517108252,0.0196373601127426,0.0192407391356428,0.0157261996397157,0.00377469787853883,0.00168482176822488,
17,0.0179471314643983,0.0219187977856735,0.0045805036674792,0.00898577511224707,0.00818650691002115,0.0188651159033634,0.002391816929248,0.0115136385545166,0.0218321664606849,0.027721101449576,0.0246532223424429,0.0106724551864405,0.0033261325685907,0.0261907517833834,0.0187016229789762,0.00360477759212164,0.00574599578547024,0.0220926242530791,0.00879601703408127,0.0179183678026488,0.0142967578525083,0.00599635077203762,0.00469489108568986,0.0242443449142123,0.000504103696225493,0.0104669324882599,0.0127782192572539,0.00455432003316349,0.0220765153005145,0.00398759655142373,0.00649740512469543,0.0115602987683895,0.0119163929695888,0.00223890187780756,0.0229990097304628,0.023244339075169,0.0134253878574691,0.0243999983625535,0.0154574915205427,0.000825007333556098,0.0207155866262239,0.0135758530294343,0.0171691552015469,0.00738450378804807,0.00869380304594478,0.0144114876514111,0.0142863830281744,0.00739361532711538,0.000759156417937234,0.0236573152978302,0.0250003687976797,0.0114369054537134,0.0103973255888744,0.0233519625053774,0.0232618521243944,0.00660610598032017,0.0214178929427459,0.0205929594391525,0.0159703532780885,0.0127190009954026,
18,0.017635112761693,0.0157114583769471,0.0304549983393827,0.0352554953904465,0.00742697290387942,0.019894419444605,0.00263204217248083,0.0440792914246456,0.0283167014263267,0.0294966336427228,0.0188083863097238,0.0326030393465176,0.0297440104776684,0.000974010306436016,0.0157222982810838,0.0209869283338069,0.013275000740084,0.0130283329017941,0.0020156026333022,0.00070869271033882,0.0156811544552462,0.0352985051852047,0.033312838839277,0.0114048491804733,0.00917629724565216,0.0357463695170043,0.00019988068681729,0.0118494963582331,0.0356321181413958,0.0172129307290928,0.0204802551810157,0.0142420567474238,0.035996727596788,0.0119108796878204,0.0242614807489282,0.00932943342809589,0.0272486477419039,0.0180555187867626,0.0305760647134748,0.0139889344267329,0.0177729975626721,0.0406641574944016,0.00175348106792686,0.0171975276487249,0.019776379753156,0.0185194969621339,0.0390587342550816,0.0314722302026136,0.000581743825605603,0.045256788357862,0.00129343993299288,0.0225667886155286,0.0267114967543168,0.011356775719368,0.01941756202645,0.0341446678014894,0.0226436906698892,0.0372904372440834,0.0106343885511157,0.00288854742030452,
19,0.00260172360348151,0.031298252391082,0.00516910493645079,0.0185068928091636,0.0128252409173055,0.0228585459751374,0.0246792518541955,0.00331400960792011,0.0214808015823111,0.0188602066823863,0.0154493398707645,0.00058596871404601,0.0258258814301193,0.00481535685466447,0.0184376712766056,0.00407260479215785,0.0364557265586382,0.0139847615418471,0.00347219479881223,0.00100472251321754,0.0152160746563019,0.0113822971989654,0.0061594847238941,0.0162031062918386,0.0220433886751012,0.0222378508211244,0.0138589656675973,0.00168030320902613,0.00527370431639129,0.000337129020357953,0.00180065827497359,0.00910256747027977,0.0223192526292089,0.0200421045848707,0.0150332787238692,0.00112175679716844,0.0204192276581978,0.0376795176056305,0.0172487457708253,0.0109726311911735,0.00755276594448383,0.012451273515689,0.000169557129121836,0.0294910693449624,0.0330892978564643,0.00313230517399791,0.0203947331259199,0.00200397036242378,0.0171809352500403,0.0194802619313662,0.0323174358450349,0.0224704681141061,0.0351511911538707,0.0154608641207955,0.0139714212143035,0.00645066034681494,0.00663864585383025,0.0155464143956964,0.0260567722114794,0.0325870001757029,
20,0.0130305277469545,0.0226114196942256,0.0157339874844656,0.0208407072387744,0.0113977426074001,0.0164320656984781,0.0270557858048992,0.0224656976565268,0.0178831189638468,0.0269375289951769,0.0185570031879277,0.0101927548950674,0.00256584398457697,0.00644102096249943,0.0233113750880195,0.0334482680419702,0.012662613962876,0.0308087769756701,0.0066623763915274,0.0261029244107887,0.0317980808621649,0.014051006357726,0.00455707141112095,0.016294011543619,0.0278814164777421,0.0197314428365024,0.00446201104520119,0.0296030937078866,0.0270269800999326,0.0275286038247562,0.0109137251729326,0.0269828104529243,0.0296013897333387,0.0261206790430882,0.0262200649715472,0.0015879839850805,0.00552845809497443,0.00433851473699094,0.0115932765163991,0.0203363820970756,0.0225163904470372,0.0141177511652631,0.0267322100485897,0.0205018549042614,0.00196250848994511,0.0245639797942118,0.0051778146295306,0.0233705896337644,0.0205402950711395,0.00302798166422,0.00203267244990191,0.0235028184545659,0.0184867994035131,0.0281708973942705,0.00645528936463667,0.0314662864200072,0.0165009618428372,0.0265978110654485,0.0107851624018772,0.0284215214673513,
21,0.0343808805850269,0.0214365634477173,0.0161786700067152,0.0180329678616552,0.0328990682174727,0.0197515054065587,0.016613400475495,0.0472182811908777,0.00209261263033232,0.0383640806225755,0.0143010288199613,0.0139788923910043,0.0182881334277899,0.00729431348979229,0.00766225695183147,0.0305057131459734,0.033595970618831,0.030593853800399,0.00591710749074247,0.0192078231871154,0.0302422078849418,0.0185445859014771,0.0365772311619067,0.0103135095014868,0.00708662230538414,0.0324112474510202,0.0296740765000011,0.024441735378259,0.00838405006165778,0.0106049509262325,0.000772150800984043,0.000594823006290963,0.0110231914109807,0.0352117864451972,0.0223377743813156,0.0155464160453545,0.023879250072977,0.0120141064819242,0.0125067097747963,0.0181822776403243,0.0299432583955466,0.0181124583387546,0.00748371651951132,0.011731390457877,0.0170429691873983,0.0371149684497779,0.00550825461433235,0.0261752198519091,0.0197387691494279,0.0242740590646749,0.0189099298589794,0.00190680030071372,0.0232467560499903,0.0105789757436153,0.00621454759385563,0.0287209770080961,0.00258530679979989,0.0075870646206789,0.0283092072211635,0.0189275141915551,
22,0.0144709877213613,0.024297239687755,0.00604904345582442,0.0257292824821181,0.0231278857845748,0.0111994693097316,0.0264032545531584,0.0201857274215037,0.004965937920746,0.014751191388756,0.00179163061916063,0.0049600306639407,0.0185787584334359,0.0265299405913787,0.0186858581369466,0.0123143185459804,0.0253191969088826,0.00125596811548196,0.00207842206080846,0.0120474876322299,0.00951001900389545,0.0215846767998074,0.0158959493926881,0.0126314675740203,0.0309182105949765,0.00294717560210163,0.00732463553477293,0.0183994489621894,0.0111488338020715,0.0124236694256613,0.0154227696536665,0.0106822612671502,0.00481238433055895,0.00845691588153639,0.028814067228145,0.017362098370544,0.0162731904695012,0.00399982880682814,0.0138777108592927,0.0157121736820101,0.0199698764611133,0.0264667928734946,0.0321323568002605,0.0214512173718759,0.0213301053472745,0.0201728312918927,0.0169487591958836,0.00759392245153562,0.0159428871649988,0.00719203108209113,0.0175987644068726,0.024536513854729,0.00645093906228187,0.0132756520805696,0.00123354220946492,0.0240319543785542,0.0119367682607266,0.00532169124874268,0.0125106685364562,0.0254427084576678,
23,0.0180654024996019,0.0219581089341537,0.00901861181174741,0.00172281286376844,0.0248211177314728,0.00963971415966337,0.00441248255751949,0.00450253690316657,0.00205274831539862,0.00390500658321463,0.0129340273128247,0.0212038946537065,0.0145521305591803,0.0246902014564533,0.0213608035351519,0.0254995859864178,0.00245013772377893,0.0105284858805894,0.0284964090030225,0.0172778628408609,0.00579203856935397,0.0140428529424186,0.0201518653306395,0.00188930107110641,0.0120579591491791,0.0225445879595122,0.0287633850468974,0.0165416267606049,0.00565785309402876,0.0147922023142184,0.00187457456159529,0.00363313563274645,0.00530044741404325,0.0303359172534072,0.015482587239874,0.0125970581823486,0.0260719755850568,0.029962452091345,0.00650089101856519,0.00809413695740642,0.0134718461195181,0.0060961287900908,0.0238612021449957,0.00665684132604831,0.00337472472692443,0.0170811370341593,0.0104048574123366,0.0194390662253241,0.0223108772979556,0.00681994298463754,0.00345033715131515,0.0222772124116731,0.018484280674315,0.0108490995396744,0.0216313823956055,0.0254324011807703,0.00780195065692758,0.0227892534248112,0.00391081134794866,0.00823827905392306,
24,0.0210936802769594,0.00750312402308207,0.0151548503870474,0.0081523274198219,0.00767905356842918,0.000797186145509297,0.0210095362850936,0.0273171605530833,0.00544105734738002,0.00902820339761597,0.00578322053022924,0.0316783996244643,0.014838691429785,0.0157512456083495,0.00441106069812315,0.0267777485190218,0.0310511136915781,0.0182730505651672,0.0106408695665149,0.0133627766894353,0.00663336333431596,0.0266464534687323,0.000153087292896975,0.0278165776543507,0.00362252493893378,0.0247572060738093,0.00690011792125848,0.00540798441461157,0.00273802384423895,0.00793055476853193,0.0197182494248155,0.00458850750607645,0.0275527299756418,0.0287958753197319,0.0215429712557173,0.00153321639733529,0.0205174726083866,0.0201547574810543,0.0291349239620616,0.0112976883491121,0.0119876905169623,0.018934627118676,0.0109413700998886,0.0277641554252165,0.0199746748287535,0.0272725423361302,0.00483195792177844,0.0171183427898304,0.0128536242193509,0.0321972020343466,0.00870607660310207,0.0143935279653361,0.0267966191499054,0.00109949357069981,0.0129700663499339,0.0295745826315828,0.0189816708146979,0.0177017942805083,0.0317323266931255,0.00688367555062677,
25,0.00817907444397474,0.0126272724544783,0.0281162380919867,0.00260694227786126,0.0030791588525142,0.0126650730769514,0.0276268463116648,0.025379338259634,0.0222890403371501,0.00307207240121437,0.0127584116064749,3.48472251859952E-05,0.0187422194074219,0.014515344662704,0.0225890210234067,0.0133314534953601,0.0178826784747894,0.0115254171327927,0.0133585709779545,0.00722021891707431,0.0122031830959017,0.0271303087646736,0.0165950479308773,0.0126408174210219,0.0155511211017108,0.0144994303753921,0.0208437018746991,0.0228770317323972,0.0110652657333981,0.0224401460800856,0.0141795076368197,0.0275121580966598,0.019943362904461,0.0127821433921376,0.0274322051549809,0.0236310559962168,0.0019741308584749,0.0299677278480744,0.0204509233292371,0.00707614935221617,0.00984842194846632,0.0104189904778965,0.025881569341118,0.0148410841762535,0.0145330020871652,0.0217891622941934,0.017666372701794,0.0250567692370845,0.0251946187129094,0.0224745182687695,0.00748393172355529,0.00111593458447911,0.00858779264512956,0.0266847174492067,0.0211566593768064,0.0121729271818508,0.0189231251282554,0.025138889783189,0.005355987404306,0.00369169637525929,
26,0.00438034088585184,0.0311545273476622,0.00622867827259683,0.00700404296328366,0.0184336165500154,0.0371207234010263,0.00861080031023839,0.00252518160691393,0.020393829507646,0.0200031934273027,0.032478673401238,0.0212755282864611,0.0257331033575557,0.0194073105219027,0.00493755003207016,0.000256283295159927,0.0258550855216089,0.0193239802592621,0.0144796033591057,0.0264073517693041,0.00788096537225374,0.0213181924447705,0.019683012190695,0.000986859579583995,0.0262824620491256,0.0138064489904426,0.0208511702304978,0.0303871731599483,0.00667569445712789,0.0256849397834804,0.0179291664646514,0.00707640970195051,0.0219094480007475,0.0258687971836351,0.030726729741127,0.01678110816771,0.0235484464950567,0.000200650958247749,0.0301331822690495,0.0343969888544583,0.0234236111601281,0.00212922086847946,0.0157166749160965,0.0223160157335161,0.0127278408523524,0.0113524671663193,0.0101168573714672,0.0258719304477049,0.0240828089025873,0.0269361715770286,0.00295133922007682,0.0206117645083762,0.00588631525404559,0.0176092542062472,0.0042734909412197,0.0119746784282276,0.0137563549056742,0.0210630398300797,0.00624928035004713,0.0110233593221044,
27,0.00554922586673195,0.00691977888728828,0.0189241967143379,0.0119855215950838,0.00579835103718355,0.0108235779680646,0.0156829043884942,0.0118919476441142,0.00840014938807334,0.00559419714643766,0.0101883117626145,0.033434828681282,0.00209639498266938,0.0191116506222447,0.00865759379234422,0.00295730359607197,0.000900367990995081,0.0118428461001283,0.0176359908245938,0.0125686616907876,0.000303270012870994,0.0251978392025113,0.0253567245559675,0.0172728584300558,0.0195887248599368,0.0140673663777714,0.010076920655938,0.026630134593681,0.0287995469062885,0.0102774188796072,0.0284401275093082,0.0216374929729663,0.0283520807054105,0.0168694733471857,0.00441733999366522,0.0183363203109456,0.0183178572403699,0.0309223564440598,0.0104587762218822,0.0105821076617057,0.0223195447662835,0.00475840432771806,0.00496022267781269,0.0308250878052833,0.00329017749508212,0.0299745561649826,0.0314657525304958,0.00307653803423971,0.0237241224904616,0.0185311644620453,0.00227753606652913,0.00488994496036953,0.00376313360778866,0.0045723055773217,0.013105023912969,0.00334825489520817,0.0101387637004722,0.0216727909792995,0.000566518636312141,0.00336743923349413,
28,0.0211835447379138,0.00239894816023235,0.0146772820902363,0.0249096047671999,0.000736307056920502,0.0193192445926702,0.0278314935267345,0.00139464122070033,0.0203977774087057,0.020960967847821,0.0263117076495289,0.000372685426578344,0.0164686071686142,0.0155395181666082,0.0288842403607519,0.00444536878503619,0.0203035359307764,0.00591755389009166,0.0132633462919454,0.0289882092400097,0.0249511343130551,0.00875202837263998,0.0169954352099878,0.00925887430219608,0.0165072021424923,0.00203598490020932,0.0167990791758333,0.0263169775219063,0.00887241724525605,0.00702748244407424,0.0206777362904301,0.0222902553147123,0.0272615683694883,0.0205020829526498,0.00272801017616041,0.0252439228802438,0.00143703107485717,0.0022533909015988,0.0132169716108304,0.0269133017545361,0.0210572159743482,0.0272421506197143,0.0132824958673734,0.0111918600776159,0.0106628853034578,0.0277868410184408,0.00283220411460233,0.0135905197047503,0.00476323576334639,0.00664280353078156,1.72990911766537E-05,0.00805738002371309,0.0234502866124933,0.0133178537453896,0.0123267096881361,0.0234389518217869,0.0212526582627673,0.0197040706139468,0.0029572957964782,0.000218003353004347,
29,0.0286572232015912,0.00647764892838352,0.0284688809573562,0.0178095533726322,0.0210121428074749,0.0260360057406007,0.0160089765459738,0.0115965602829493,0.02920556612767,0.0107561168096169,0.00194468459348605,0.00024188394258415,0.0206305509726722,0.0215682051092163,0.0186616480468343,0.015313427236632,0.0112238673171502,0.00489648085234529,0.00619463411218219,0.0104583721833205,0.0302765210554634,0.0175974146793839,0.0246905600079225,0.0028528849068905,0.0205233004849205,0.0247780472387142,0.0013828676756941,0.0216009023455146,0.0037894090253035,0.0258072021242766,0.0178011788200361,0.0199587456005919,0.0120222455556624,0.0191808167469522,0.023387428283136,0.00818540199096083,0.00263130785849783,0.00580369288616453,0.00233665306330209,0.0319372042865551,0.00174262608011066,0.0276414493495947,0.0359583188401623,0.0253895118678153,0.00369404893774111,0.0106728864564845,0.0265829979231507,0.0169261039742928,0.00103452369492833,0.019916057708081,0.0168006849989028,0.00532895369929243,0.0197851882710469,0.0290002973014758,0.0043607676838593,0.0229822264673789,0.00434247475756694,0.0123631854493741,0.0239660577010146,0.0087750102824348,
30,0.00610946761452137,0.023711526444079,0.01362957304594,0.022211703036476,0.00817064545432884,0.0112769110708755,0.00199334829952543,0.0214081733932114,0.023313022997479,0.00596949820806077,0.0351368903911953,0.0323188764982146,0.0130615491427082,0.0121246397641298,0.02592416264067,0.0135481090210194,0.0187267783735003,0.0292958408843494,0.0135958127205965,0.00193877348667398,0.0201264341222524,0.00207613659250622,0.0217393540082998,0.00961235018357448,0.0332552809149936,0.019034608723274,0.0260620618482355,0.00174255606078319,0.029475836446368,0.00189520529577033,0.0317120727838434,0.00608430380456215,0.0196754992975177,0.0149220683448021,0.0269773393492689,0.0309775400503232,0.0233278999560578,0.0255940326883389,0.00406520345210814,0.0261545982537713,0.0275372581642034,0.0117449464761686,0.0104942086951563,0.00709924062407329,0.0110788078599126,5.54670478772749E-05,0.00213868031727051,0.0222163431814407,0.0270278810177055,0.0120331930990112,0.0316849652352672,0.03259621922595,0.01277823240277,0.0167871535104289,0.0285241399678661,0.0132403567142547,0.0252294014968521,0.0269013714999078,0.026494495504476,0.0185138848306061,
31,0.00435829868730428,0.00936532777416682,0.0142394097062198,0.00156902483844745,0.00419040474013031,0.0174875087965559,0.0264595140050422,0.00636556520948484,0.0138122924308819,0.0169014183274035,0.0267635554211209,0.0170497099517176,0.0204835780722568,0.0314988895026407,0.0267195021305016,0.00710877005849515,0.0162560166415882,0.00555878641939605,0.0130627052915767,0.0207370630727627,0.0114427938230396,0.0231734734056469,0.00557417990742992,0.0185369064245569,0.0143160582949592,0.00399897874710855,0.0230081011221985,0.0108851354897541,0.024325746724887,0.00936820828383629,0.00703303168524923,0.0162643581543191,0.0223306524809562,0.00163304751813907,0.00271976401203833,0.0289426248764898,0.0121452536472238,0.00206995300335094,0.0164646510043323,0.00650584174271531,0.00912903793035848,0.0183576005866358,0.00926614127481263,0.0257228664500436,0.0134006435085897,0.0136778141901804,0.012122177405148,0.00480025788330327,0.011430374665629,0.014137145001764,0.0153818443532083,0.014636614700273,0.0237555049095302,0.0162445841460747,0.018629745188867,0.00175393279359571,0.0202143552804879,0.020458246668725,0.0157934054664268,0.00107388624221083,
32,0.00474744248580931,0.0288611250752343,0.0154534462852236,0.00253737440851326,0.00690543923876518,0.0127868263403976,0.0196035554637219,0.016956681393356,0.0160361526310782,0.0127430080369241,0.00880155449205203,0.0296182629267076,0.00142399407627366,0.00171350477369601,0.00160348097729582,0.0156468427469482,0.0103020996475028,0.00937279522779254,0.00488245006684742,0.0111399500000466,0.0317443619010459,0.0257105656836718,0.0104853955484079,0.0193264222738029,0.000197163865160068,0.019358432348939,0.00869582670489031,0.00892289169617638,0.0279144623222869,0.0245377704937297,0.0275686697263161,0.0333443029049538,0.0106471333043403,0.0343443361886911,0.0231649441879952,0.0306518994920347,0.0251106522152348,0.00454713238594075,0.00861453534885414,0.0153028503692895,0.0167593350943613,0.0325355566589373,0.00698953706608594,0.0155206136314286,0.0278476609094326,0.0198212926554008,0.0099086044331298,0.0111219133598586,0.0012439082093278,0.00506332519948165,0.0267291325153705,0.0218707106776958,0.0168183965554245,0.00564898253384701,0.0112784054471317,0.0142972968142948,0.00662436553716201,0.00535770095101407,0.00537685810476668,0.0314677179375609,
33,0.0294141086144537,0.0238592543593325,0.00775567229598888,0.0158359594397767,0.023501831012498,0.0204377152161226,0.0283426172890736,0.0123701398019385,0.00582614104208978,0.0253738092708498,0.00946235341773269,0.018540987047527,0.0299781442904669,0.0105625402461402,0.00838793476738641,0.0180105841739794,0.0245882453467082,0.0242367633167421,0.026326557352724,0.0226633072458225,0.0211104559849806,0.0245238317171719,0.0163084390746669,0.0179588818374996,0.0189265230500693,0.0288793950411899,0.016785098963263,0.0244421438925857,0.0201943439494311,0.0272608029851157,0.0239315917566452,0.0209060834479535,0.0250659786313943,0.0308288214511352,0.00508292756609716,0.0243655047909383,0.0214863154871117,0.0254483075709607,0.0190138610070471,0.0190109324681485,0.0281569252102233,0.0222783265002448,0.00922409651713404,0.0302693175600808,0.0166110513818236,0.0233066271726788,0.00157582451855971,0.0237163508711543,0.0105062330558531,0.0199351719793328,0.00463354354894225,0.0190625588739863,0.0141494117406613,0.00110281082465719,0.0172038494574993,0.0158060288957512,0.00559193813762563,0.0251799503379784,0.026732955069692,0.017499064567234,
34,0.0250180828921451,0.00161659207427324,0.00574698202215191,0.017168563089931,0.020934239990704,0.0226813927766994,0.0341577621856405,0.0216457140719127,0.0201467815442139,0.0217103950829683,0.0372508815098503,0.0275771066971615,0.00429603657615963,0.029546134402761,0.0184007002631583,0.00416593509753347,0.0243606593670706,0.0075353038307415,0.00664381167675576,0.0320446329832575,0.0221210062547461,0.0353716111911776,0.0205219597921476,0.00987525002658843,0.036571904210054,0.0178290390386133,0.0198997843177127,0.0193079075786377,0.0133120268500935,0.0283073252218071,0.0319259853088465,0.0152831154910744,0.0100066551700018,0.0293070399193177,0.0106318024807541,0.0256648109998318,0.0169515868372889,0.0312562432050617,0.0202961929663251,0.0164923912147631,0.0213994945745732,0.0225433825358188,0.00387263982435036,0.0026760251654003,0.027436736597238,0.0146127969418535,0.00205934393861668,0.0344606663698019,0.0307044561068956,0.0313081395367871,0.0021707689997522,0.0302529502515562,0.0268956564779417,0.00785436897248441,0.00921265377782773,0.0142819048566943,0.0140174907228565,0.0215417917264041,0.00722181018624979,0.0202690221854792,
35,0.0184998138100252,0.0308131534811629,0.0162512659963274,0.0160780164604942,0.0154771396551702,0.0142040347271428,0.00253975590788767,0.00600222155398385,0.023117335531996,0.0288553409409416,0.0297691694730589,0.0118534313643974,0.0245533580209521,0.00199492863367593,0.0177251476325661,0.0294717289495148,0.0126663740789087,0.030054057545264,0.0162069785361487,0.0313098458779411,0.0314360230496239,0.00993274525922927,0.00216045621976523,0.00632664597614325,0.0324546479746526,0.0175728064115857,0.0312554308789465,0.0275261815682639,0.0304505455034764,0.0286317274459957,0.00338024340784811,0.0133423752889802,0.00340269270530346,0.0213986051009017,0.0260823717530908,0.0075552792378003,0.0208553687923878,0.0227143838120847,0.00357861913222214,0.00900619886012183,0.013643291959264,0.0258541525185734,0.00560170164140529,0.0111635777517103,0.033990632981346,0.0305685540739886,0.0239914226163015,0.00657067781770557,0.016607564968738,0.0356356994181115,0.0016917034630225,0.0137270670947763,0.0350965834397707,0.0326734813328577,0.0136557287659183,0.0169562891286545,0.0134331440522291,0.00909579705863727,0.027599299922722,0.0178123825217587,
36,0.0314092075891822,0.0156023445237072,0.0151035924403232,0.0201994679598011,0.0135383705712017,0.0155585671221968,0.0299574663873421,0.010859098218658,0.00242319463239302,0.0286403742665447,0.00518427419998284,0.0185262240163459,0.0238449078093535,0.0118425248166001,0.00923072036081225,0.0309504234979958,0.0123636251036696,0.0118412440244191,0.00619385151436346,0.0152149867820273,0.00111894862138825,0.00238228452234778,0.0441343086137104,0.0246061417680924,0.017161158470016,0.0293010652350961,0.0324492882711936,0.0301234223379375,0.0277573705731871,0.0263403092984727,0.0253501735004238,0.0287938023266203,0.0191474634801077,0.0207546624153513,0.0093790235591022,0.0214883585660845,0.0231892594330447,0.0290903608176198,0.0313876151815858,0.00419308044010998,0.0354406722415466,0.0301663332489351,0.0189726054165234,0.00617430114728716,0.00631545121121602,0.0413082224647434,0.00780017482962917,0.00347077343478465,0.0279363745574271,0.0194661314621875,0.0152313127787832,0.0262568029260159,0.0101824845897035,0.0137509231355397,0.018906648926776,0.0102416386469806,0.0100753606475684,0.0108759352354712,0.0363208596429249,0.0257096972690153,
37,0.00406833257474932,0.023543956224128,0.0200483631237966,0.0199793585864003,0.0289330714953988,0.00708028096693935,0.00360815016636969,0.0212450826016963,0.00294273899440378,0.00120709025534794,0.0163109334285462,0.00524020976668304,0.0323439678010188,0.0207226497079375,0.00558737089362099,0.00958113566138102,0.0191350917395866,0.0394220278802319,0.0257412935458864,0.0145580163214868,0.0111075449164154,0.012622160343653,0.00430522122858096,0.00540991628522186,0.0161147690702416,0.0042546858703023,0.023637189528771,0.0213134683533602,0.0327409001745683,0.0305755081217163,0.00924264695417898,0.0331718067120838,0.0107835747188199,0.00103433459568924,0.00723818020997825,0.0193383052607222,0.0273394305509011,0.0206031411770001,0.0149361518344398,0.0101254328566621,0.0067211164258283,0.0133206564463859,0.0176594664315937,0.0296815903374077,0.0118591571438357,6.84539782972807E-05,0.0328182187297331,0.00544261141786317,0.0244508658255749,0.0100405331349125,0.0285072792533929,0.0292675255901835,0.0134820521712603,0.0332492212633958,0.0209002445543699,0.0292369165436627,0.024845326635099,0.00386866457511054,0.0168755039445021,0.00879968742764282,
38,0.0301520839852916,0.00697393399343778,0.0188446621880252,0.0112736673854144,0.0015339755913144,0.0111598223050722,0.0375938601041523,0.0131087669004143,0.0189693406046688,0.010179294156375,0.0314949053951242,0.00875496950267392,0.0339504552061715,0.0106373391501048,0.0127698253082163,0.0247348519480941,0.00963586859084114,0.0242001109185029,0.0190320530275826,0.0300993643931295,0.0216614339139686,0.0251706995919924,0.0115983177823133,0.0304434915798037,0.000567617904728575,0.0112818674372374,0.01068160251257,0.02933408409358,0.00677604038203587,0.00192823089365414,0.0117048003522683,0.0308284843106844,0.01755012600508,0.0133405503793698,0.0213693931138043,0.0300243512479679,0.0102718732057738,0.0271088720708684,0.00858916516352077,0.0193029913190428,0.0174491889127576,0.00386523104266883,0.0085191628536075,0.0132847734841531,0.00867750270944962,0.0255263518091032,0.0115887632856504,0.0167775566758216,0.01342879933485,0.00316610359873899,0.0115300260980996,0.00964446366729459,0.0176330574184475,0.0209615986868842,0.00828119576370826,0.00923930322121243,0.0172991507430506,0.0101437640365484,0.0286813394129318,0.0321484728903592,
39,0.0335845330293743,0.00296503446906131,0.030901492321373,0.0156948668405584,0.0158288117644803,0.0176304773503613,0.0165055984078034,0.0423301729363154,0.00484086953329906,0.0162290461472915,0.00898148581195101,0.00521866560623612,0.0336579407422649,0.0327239489073771,0.0187464505021302,0.0378675625516936,0.0385106655360868,0.00733876706377637,0.015926002798336,0.0104416196662741,0.0216045571606432,0.00515415764236461,0.00842821316348549,0.00101127156375118,0.0330417647701939,0.0135772067999349,0.0305184016263699,0.000875256307929114,0.0259111516722074,0.0308198269229988,0.018218299422225,0.0153772548557125,0.0231973630277925,0.00780474704921259,0.0290345010246217,0.0201302672799537,0.0284552858486184,0.0171298538574623,0.0146619056373166,0.0113570690469223,0.0317645359395935,0.0260924851702313,0.0147421270154215,0.0240174341384556,0.025885278760355,0.0294169481352207,0.0245616524695769,0.0325471281359419,0.0249509117680796,0.0208386352772561,0.0353116940863233,0.00981109080158467,0.0224075444913066,0.000909219297627122,0.0185802649298864,0.014372890742471,0.0220397078762521,0.0329066630695026,0.0350103935517841,0.005633269500415,
40,0.00388246037049642,0.01285084036283,0.0131244145865953,0.0141219915992414,0.0275256072391435,0.00565696197755675,0.0168959749327792,0.00978002766258729,0.0083192594214485,0.0158700769474118,0.00942229987717671,0.0152180101471959,0.00376188792463429,0.00304108537635492,0.0211119665305293,0.0174114659656878,0.00699413548106178,0.019728430281821,0.0093538145753915,0.0229498799921456,0.0191035048279367,0.0123755989549244,0.000347861308481998,0.0218054674702304,0.00225345416084646,0.0276750926793215,0.0111977107408531,0.00248014431832057,0.0127461770367006,0.0102519410420588,0.011421737902198,0.0269577711693201,0.0133124445739542,0.00918460619897898,0.00765555993120676,0.00934988453667908,0.00216215458338765,0.0280407485390504,0.00141867922581106,0.00925467536737934,0.000790410715140737,0.0246517393029837,0.0273041943098418,0.023197717386491,0.00706206386014281,0.00321184978421238,0.0180100082293442,0.00573157954413549,0.0219405228746182,0.0225948338029097,0.00509796828297772,0.0184946087575875,0.0148142541023192,0.00967657840630522,0.0234486546790336,0.00767974846035802,0.0223671995094626,0.0164792207603383,0.00204668549903354,0.0300830173300074,
41,0.0127379490955123,0.0260486166285795,0.00123978938673152,0.031525402393741,0.0191708175675007,0.013706243459317,0.00120090275311571,0.0194265699278799,0.0169658283937058,0.00721355035506078,0.037073866859499,0.032792357843476,0.0156666579580894,0.00414978471791877,0.0220743296408734,0.0143503780174748,0.0116919517180109,0.00970676712288766,0.00568539933436519,0.0113103416593645,0.01051927295175,0.025374099733402,0.0295575827264769,0.00302321215343075,0.0187173944430216,0.0113628236521083,0.00972864022160367,0.00946156705550676,0.020960388265984,0.0292550856429391,0.0345841183987396,0.00668807184416376,0.023110296363337,0.0135680337067734,0.0200355081629106,0.0126200262652796,0.00775816241967058,0.0321231580146459,0.00512760129656469,0.0170074745686538,0.0258803721702261,0.00977012424410543,0.00588506159785306,0.000392234590179454,0.000187272123568736,0.0174767542565855,0.0103659490533152,0.00354019389065645,0.0186242337112206,0.0183331389498887,0.0278973098370193,0.0235689578491361,0.0135000828598243,0.0274659631241097,0.0286234264827688,0.00608169846966463,0.0231149418967078,0.000189326588194648,0.00488714091325497,0.0288417515091658,
42,0.0116429876428277,0.0111024229218587,0.00524520202253686,0.0164838589341693,0.0365482777662681,0.00503495535158219,0.0133916791896039,0.0425714640089561,0.00115962436356485,0.016590868377782,0.00356443316025024,0.00953462248579647,0.019661226589536,0.0367377310102511,0.0314398594347998,0.0283326098031387,0.0137470581935992,0.0127226060428936,0.0174096574820288,0.0298783091302232,0.0102582150494484,0.0223496199924939,0.00372620654893352,0.0153501488760743,0.0289978189406367,0.0135717565332106,0.0209471018285746,0.00270836674130782,0.00896575852063184,0.00396889608486818,0.0262088607096511,0.0212910011219081,0.00906873216231095,0.0147508289273086,0.0134216011733122,0.012006240471425,0.0193621120120947,0.0140433280426817,0.0155827617202158,0.0230453991712996,0.0111621844117698,0.0330943638449026,0.0318367823732931,0.0283635610853932,0.014032389000896,0.0247765620873067,0.0300413407367212,0.0329755750795741,0.0236813078824985,0.0119429471026433,0.0326706037296109,0.0203055130912087,0.01733344497521,0.0103106363195604,0.0191630363364112,0.00754367702914694,0.0189136881315576,0.00373637927399661,0.0246386103155785,0.0298135877132157,
43,0.0225862561061255,0.0190358477633585,0.0366354948215337,0.0208757205102235,0.00880629469155511,0.00869409983499498,0.0163236426921471,0.00642204175551888,0.0108766072459445,0.0251250166407504,0.0236102276422567,0.00166295975836479,0.0232118327105742,0.00600044475246474,0.0156203787247575,0.0105517755485855,0.0067346826923132,0.0293431332322621,0.0154708275807077,0.0309528454660357,0.00395077009748834,0.0246135348024081,0.0258102685663314,0.0186910345087962,0.0219039630692064,0.0238328463175905,0.00356387566658232,0.0290923911799417,0.00957263038472012,0.0112848029595826,0.00149069071842985,0.0343541915733936,0.00327946614694325,0.016421356836329,0.0289825867679105,0.0287184061843053,0.0280127093235987,0.0197099467748452,0.0156794346905632,0.0271289791686295,0.0114425784147563,0.0113539643794552,0.0239385996096878,0.00952772521655351,0.00931372209950867,0.0119842057204497,0.0138621367908591,0.00922853634487457,0.024522125366456,0.012009274503145,0.00464010250313188,0.0130052485420322,0.0180741712237369,0.0238832295940897,0.0272833989581076,0.0304661632384061,0.0193176718917423,0.0199400759534646,0.00390848761354069,0.00779191275285113,
44,0.00109529697132838,0.00444585128764443,0.0157227306406396,0.034662727711141,0.0076003818668479,0.00896696706164141,0.0120038497767905,0.0118991715086333,0.0129261914866261,0.0271996564103938,0.0255992877804094,0.033987092568113,0.0140624080643361,0.00843167099606748,0.0113273396378645,0.0183330948708889,0.0320753023934667,0.011317965272071,0.0291996818057918,0.0102636204441964,0.0105797445889646,0.031299890605093,0.0122333914166668,0.0344464952418678,0.0191523286634917,0.0274400359984171,0.022529101300492,0.023072485928435,0.0314311265867966,0.0374671976934544,0.0271796505356524,0.00996318139542383,0.0337833737985614,0.000491272610587084,0.00839955198614954,0.0208924246561151,0.0143689134032408,0.00731066931066822,0.028674082435126,0.0285813530895187,0.0170921087637665,0.00531057594020961,0.0101382694465926,0.0186181060657277,0.0228281451820665,0.0213206819493639,0.021136624904689,0.0211725578133267,0.0283900767260157,0.00782058531677902,0.015534383386954,0.00494602554884758,0.0120013187512497,0.0310547647501005,0.0272698481885345,0.00376215005794515,0.0103279920637103,0.0183801908324891,0.00122645522562928,0.030606936778634,
45,0.0194234194727986,0.00316838157110987,0.0265451893779372,0.0266889340963408,0.0193038985270995,0.012914177700703,0.0161509412639296,0.00457206660682276,0.0158450504019398,0.0281130677379297,0.00459080782607962,0.00836676136267895,0.0108660687865835,0.0252621597206907,0.000358735359564131,0.0250538590707408,0.0143948762666056,0.012142947195634,0.00856831407134999,0.000390390904621492,0.02618448059564,0.0168102298101012,0.0183017708615766,0.00741308915818536,0.0162085050857147,0.00911377628234189,0.00487044876110615,0.000432480857642814,0.00209851285359657,0.00551416887274424,0.00950119373996383,0.0119507049783014,0.00975891187093009,0.0131142823227962,0.0200237129490687,0.00986824628469942,0.0166533068771622,0.00545224548508388,0.0176465818108405,0.00326112106029764,8.06588356721959E-05,0.0163015142182861,0.0160848421744356,0.0264740972759307,0.0153150229035027,0.00702950166478651,0.00227659487324949,0.0264870657788166,0.0206116399377105,0.00174752714001193,0.0172805881537715,0.0129407304095516,0.0114725351870989,0.023083184401722,0.00681591200787805,0.0232694046301593,0.00487043936508767,0.0202670141521326,0.00252565147511209,0.0019011664013942,
46,0.0182173994422733,0.0284243325254875,0.00897030113949745,0.0272885920754948,0.0156232207782851,0.022644138671884,0.00593502177013459,0.00401720302528071,0.0338114740890381,0.0166267585607853,0.00695646016307871,0.0277329803603496,0.0147680558892611,0.0314226150809201,0.022767352696086,0.00199289223929521,0.0248910343496746,0.00642096508898747,0.0213618890731625,0.0113056151104403,0.0271372103016671,0.0299168706406954,0.000974182639301259,0.0213752944368205,0.0349031167156907,0.0110604636273624,0.0225263969999255,0.0286997586156403,0.0152592242124854,0.0142475281009185,0.0237559243076651,0.0284548351260518,0.000933816091601227,0.0129815797122469,0.0299633084761538,0.0216210314698688,0.0290746173074159,0.0202123626312232,0.0328384261501886,0.0214471278083762,0.0258527563939108,0.0158400619198796,0.0048976873466896,0.0143220033593542,0.0287753797024327,0.0177126380735461,0.0340372820641116,0.000817910387125145,0.0263957231244261,0.017647517496823,0.0113056084253332,0.0110346700060505,0.0152489996575912,0.0250486639010773,0.0259363631502013,0.0264206394649965,0.0253078394444952,0.0167521719828267,0.00898668953076474,0.00471589374923275,
47,0.0121347980236975,0.0181211713110908,0.0201894981979316,0.0139663124055097,0.0236964846297781,0.0181649258101922,0.00938952414466587,0.000484973871260493,0.0239648081113783,0.0047997190213492,0.0180713551212908,0.0014998590377322,0.0164856271098993,0.00801250539702329,0.0134431846321475,0.00180804744969805,0.00384477706975621,0.0136840784481445,0.0243463223014778,0.0020556670650326,0.0189925567356727,0.027653147904231,0.0102040387915341,0.0247326023257688,0.0297820476410966,0.0177480905780432,0.0259682246079103,0.0209274180937618,0.0264733325111203,0.0212583914788306,0.0165781614153479,0.0267286316644393,0.0248894362566598,0.0241856785628054,0.00733519075731641,0.0230420730674052,0.012208716129665,0.0209391351070084,0.00651927710510103,0.00906503653703642,0.00687961109718843,0.0242489080115126,0.000222691971415099,0.000520761367014808,0.018328567389226,0.00638010468777462,0.0207434243746209,0.00520211348900393,0.00814286076151942,0.00821930726070704,0.000454595100610478,0.0270117822233393,0.0263764622424383,0.0112069916011635,0.00770733345536705,0.00762785851098182,0.00593069495497752,0.0262790873759827,0.0158107001583137,0.00176455138994694,
48,0.0130890154896674,0.0274769826201462,0.0269104058017803,0.0160388491819602,0.0287121903635087,0.0137035282211934,0.0178822829143805,0.00661467929426448,0.0179021014923745,0.00437613317019487,0.00522571174720377,0.0130323197270852,0.00479689755583134,0.0315423933987084,0.0208559491988882,0.00466970823158413,0.0310893825809166,0.0101460562152643,0.00537320029691494,0.00086233889581575,0.00468272527562585,0.0074823639617621,0.00980564181010176,0.0203060768924416,0.0170813846674866,0.00419404809023678,0.0188151473285755,0.0128845343360618,0.0133823644987125,0.028461207060144,0.0150322997286473,0.012890603586008,0.0215304249330954,0.022919876316773,0.0139345489131139,0.0220060879894674,0.0157468037300603,0.0138680517778071,0.0229666435925576,0.0138859288438438,0.0296322752589545,0.00612624241954487,0.0146738050239993,0.00348510838863152,0.00902450902692261,0.0112266543751279,0.022950284393527,0.0133123627175026,0.0175982711875986,0.0293245542032115,0.00646106219074245,0.0237947281505334,0.0169558029451939,0.0041917636789029,0.0200934400789998,0.0212874207573172,0.00368706519431127,0.00499716393140314,0.00941565984604749,0.0105668714108037,
49,0.0246392018761705,0.0237468376627634,0.012726062900827,0.00143254853050166,0.0203757347093434,0.0131134773014728,0.021009555850006,0.0277959956402998,0.0155028826362629,0.00896330160345137,0.00670940257561637,0.0208653274064349,0.0240650374552258,0.0177942037535765,0.00625383253950986,0.00261460694646894,0.0103897098496701,0.0148941678528474,0.0248171424279904,0.0212158210384824,0.0117101427979995,0.0194555405968683,0.0177662107754197,0.0261211455080173,0.0231017699591891,0.00428219121307211,0.00176723864254087,0.0212293180865176,0.0239590880195189,0.00568800774442093,0.0135837649803275,0.0162706728487498,0.00303680826975328,0.000260225182405966,0.0165980557831054,0.0233572799193295,0.00206576648653597,0.0247368093411348,0.00441439734474996,0.0126449006470014,0.0170152529099102,0.0037711554545111,0.00459500955927347,0.00645106416568186,0.0217858671138378,0.0188141073201319,0.0136668912894873,0.0180341787896688,0.0224807070915475,0.00289946647648829,0.00533456843082134,0.0156779377803169,0.0137969217930464,0.0235107595982364,0.0161538659719632,0.0128795698967528,0.0246115647614117,0.01581459510143,0.0219141919616515,0.0237624635737251,
50,0.0212334287785762,0.02448109255301,0.0268248989086376,0.0111999151347292,0.0241752551958752,0.00400064906364399,0.025108903287339,0.0085932177277804,0.0218489955480127,0.00632112433899367,0.00549891762690877,0.0224621781027918,0.002892518299169,0.0163549426244326,0.0269906551032896,0.0200721388865317,0.0297153629633937,0.0316910527281138,0.028531992781724,0.00435081117623596,0.00476676822428859,0.0197098852445323,0.00328613125560829,0.035854228203129,0.0313504481945953,0.0191434409663628,0.0289278888478731,0.020618131653484,0.029230879509075,0.013471639759794,0.0123638807826819,0.025910868852494,0.0180353795279507,0.0318020990614961,0.0185714955546667,0.0151157148104919,0.0128405739998912,0.00762168348405822,0.0231838515116701,0.019907021572839,0.0130267803208313,0.017195430432544,0.00110706312644912,0.000622223469735875,0.0115588799335247,0.00854779823432649,0.0110192132310022,0.00367610263578225,0.00274893077601233,0.0133481299489905,0.000268881014846642,0.0064012202811961,0.020238764048906,0.0185751241270899,0.0046883314555756,0.0327826620285763,0.0174835670626407,0.0140326413859681,0.0222103837678042,0.0317516053862582,
51,0.0270062503917302,0.0273844159080745,0.012951548618688,0.0182714507216439,0.0299023587098129,0.016870942542451,0.0102392936536539,0.0355365117243455,0.0201144572650703,0.0269154361752896,0.034579525851867,0.0164228949224575,0.0345365489133666,0.0192892688562576,0.0124484907506716,0.0299715914363707,0.005386082197966,0.0207123890029451,0.0054292431661617,0.0226176595688438,0.0255360562561942,0.0175771552173572,0.0117642713904197,0.033266046891535,0.014189412646146,0.0296517291461968,0.0021875196398774,0.0215862327113554,0.00312632782197446,0.021422386069546,0.035460940238089,0.0162268344463216,0.00861259007193411,0.0213296314818434,0.0282535955181661,0.0269135198939281,0.0264173559300715,0.00104628461699857,0.0316118350356924,0.0126358444845433,0.0194201557412991,0.0188663140485093,0.0294957691429582,0.0233031876408405,0.020875210771728,0.0178525559348876,0.00918213807071252,0.0244670557057533,0.00676155910206643,0.00585300358184322,0.0329269652165525,0.0210674981987537,0.018118582168413,0.0286295636380823,0.0139059553999563,0.0254610513566416,0.0274871085776935,0.0228330528549405,0.0267039445041929,0.0308566373817113,
52,0.00643345118528205,0.00331072867359306,0.0142127324167729,0.0150264110826354,0.0086931659778852,0.0109470643450106,0.0323784281988151,0.0287730635889794,0.0304153208839385,0.0321241165642871,0.0111576645441212,0.035367209168043,0.00410372072213102,0.036814867967619,0.0294590757789653,0.0180910293786169,0.0368419889854721,0.0339823044593809,0.0349895842751207,0.0163581630460508,0.028769442200629,0.00752600653070709,0.00826050487446139,0.000642751956408262,0.000317228832782556,0.0176709478514837,0.0329982790155651,0.00749854755753975,0.00168116130259779,0.0333055869410144,0.040244872102421,0.0297639860080768,0.00284108717284151,0.00988441736812069,0.0187901332890611,0.00364843113246115,0.0182990577439355,0.00811738355771308,0.0240421790036152,0.0134540050178101,0.0120216756440559,0.00957184306022345,0.0244178259096176,0.0131320526091258,0.00299358097360871,0.0102963330224757,0.02488674457257,0.0106831201133452,0.0187222422348302,0.0160692317781402,0.0337580935989209,0.0104103634117459,0.0144908670363487,0.017639598435073,0.00947379018723466,0.0232312527815311,0.032805641911032,0.0198907787766105,0.0140837259707434,0.0286576325247643,
53,0.0256711198020077,0.00868032457941048,0.00373974447445364,0.0279931353878647,0.0246886249878301,0.0285167699784271,0.00465336772939944,0.00792536052928561,0.00932662844217576,0.00283696271204196,0.0100981001799718,0.0249317704419132,0.0163340732971265,0.0222874225999312,0.0290837225601049,0.0136085962381634,0.02649491154017,0.0197237309823632,0.020513990481053,0.00914573779116011,0.00159261015149968,0.00224625512333449,0.0200815155152575,0.00128959022007054,0.0212543396788476,0.00768273667723544,0.011125088800387,0.00915927725709591,0.0164496644640492,0.00145757622312262,0.00365163974808311,0.000876158158234223,0.0233480877702046,0.0265566061793235,0.0337949935209172,0.00720123857396268,0.000729120729190966,0.0268046737865802,0.026184970944178,0.0202605188772809,0.0114297836211997,0.0229743978473241,0.00789268749218689,0.00995378594141686,9.47177517533207E-05,0.0195223450548107,0.00599599243731126,0.0129806042658382,0.0141058661643403,0.00258703447290173,0.0187803763860377,0.0157989172332238,0.00993122421524586,0.0217225727082203,0.00670442164616675,0.00176221930145442,0.0141093172460124,0.00434502907359233,0.00222276622846173,0.0272675552526605,
54,0.028758069674375,0.00934157349143958,0.0175521992698204,0.0154717129293228,0.0065261017641697,0.0284977861478077,0.0260515270053781,0.0279631400722884,0.0144747546281513,0.0336826580366255,0.00948208472299791,0.00305474736884584,0.0122492969259599,0.013308845683105,0.00418211151302384,0.0289125822505256,0.0213036080561721,0.0167853363107377,0.0292034385272392,0.0300671817889435,0.0129152136892066,0.00886596103833402,0.00634637985140454,0.00679388327538035,0.018686712010753,0.013763462527361,0.0193745697704906,0.0165150391674606,0.0134881632791212,0.0121966378217705,0.00026847195788687,0.025906072415493,0.00643317173444163,0.0318770773472189,0.00904761545248465,0.0214488803169489,0.0239987486681434,0.0129003574055525,0.0254427762873338,0.0266232025163552,0.031231483471806,0.0117069238576184,0.0318288792134958,0.0184213875451277,0.0201141329700121,0.0258006206193406,0.0216385543849989,0.0227084454875866,0.00683706168119522,0.0251992312809828,0.0297776786824131,0.0237479062699734,0.00223241973722894,0.0218990093118931,0.0278523830787734,0.0235114024956787,0.0141468303822105,0.0237614310999908,0.0320448755253202,0.0171888664944865,
55,0.0187165107438824,0.00398418296180284,0.0263977143672068,0.028195541078783,0.0406987276786485,0.00612234120883101,0.0162719932009225,0.0297421016210723,0.00698389813721606,0.0219168493853755,0.0368294008658855,0.0098036898713836,0.0198070884909184,0.00226550257672493,0.0376609480406124,0.0352307602577331,0.0185481331093213,0.002689659953237,0.043826960308133,0.0376883942820469,0.000907409812462374,0.000988238802027761,0.0280801376178433,0.0310632205024852,0.00120679357647881,0.0177483324778465,0.0365724159488063,0.0190444717934773,0.0161000102735967,0.0198473565782227,0.00347381329513458,0.000630726631102732,0.0307137799767705,0.00503058637771624,2.54527837683664E-05,0.0211821333716857,0.0127702586429905,0.0287795375485965,0.023046295918109,0.0128687395834382,0.035083196047259,0.0266854978554306,0.0161056459468877,0.0372313582544867,0.0129000296782412,0.0259975204601823,0.0190741999758537,0.0346009698019362,0.0103388794415681,0.0165828215068612,0.0391379790149006,0.0033646622738861,0.0306847078542839,0.00405097470776857,0.0230611744352003,0.0104803178707365,0.0335461092876554,0.0296949460362532,0.0384404015573281,0.0317231973740826,
56,0.0253666468051773,0.0155988631239749,0.0265359624868598,0.00604754681187164,0.00404440459121832,0.0123747310627006,0.0137089586399507,0.0123966770897661,0.0179899478694884,0.0311678033972889,0.031563121978815,0.0333428133947484,0.0139155881515595,0.00732130618262313,0.000337633325260949,0.0101651218217658,0.0122891880527896,0.012860371957242,0.0123801472939483,0.00579751521968787,0.0235402352464426,0.0170051020863029,0.0227500127429668,0.0124827831987429,0.00762833885122321,0.0194182944681432,0.0255730773834831,0.027374299659158,0.0255596190494406,0.00233631721375707,0.037978155717352,0.0226987289662678,0.0190529362801487,0.0232112755460325,0.0292784048417101,0.0154258373176528,0.0285653499249339,0.016479362781598,0.0141759051123612,0.0111000276494703,0.00215671449382965,0.0141408980275359,0.0374992716041363,0.0358823397020333,0.0342824011695854,0.0231653225828602,0.03918457028834,0.00850391520124664,0.00181812154316012,0.0268007878669708,0.00302085509921653,0.035654518316251,0.017252321522246,0.0066918718980585,0.0362849318935508,0.0238487590159072,0.0164750643367767,0.0119169551922029,0.00881747542406617,0.0343628903344464,
57,0.018798245923998,0.000274250375900673,0.00913947194691104,0.01244701141664,0.023361544516227,0.0256707588655696,0.0175566641186025,0.0191208834309332,0.0121148420278866,0.0208012303947756,0.0180818514163753,0.032157409114178,0.029460185313055,0.0130285294238568,0.0310487020717966,0.00570572963122287,0.00282506125707903,0.0215470311465962,0.0147924071963267,0.00141487136462697,0.00422859549588346,0.0235823246222164,0.00710665564519832,0.00727270119361264,0.011720897700906,0.0297587160593474,0.0142304205327349,0.0252914279932435,0.00990629023863929,0.0131227871352043,0.0067476651533226,0.0303453478006658,0.0137444404928128,0.0146452898591602,0.0141576426965624,0.00849418436423676,0.0169443247153689,0.0130504436642615,0.023698364369081,0.0229797657305989,0.00554862494577602,0.0211321653015783,0.0310051637675706,0.0248491971672206,0.0192782857785029,0.0174492061054266,0.00129984941824658,0.0180163441244933,0.0105776949890538,0.0323216595604243,0.0319453780138608,0.0011160261415638,0.0202453973316674,0.021801398753092,0.0175366379716094,0.0221310350204627,0.0165611506636959,0.01724419609339,0.0244606828276912,0.00102894216043467,
58,0.00806217354703262,0.00847329418049172,0.0128675028711239,0.0111783903664214,0.0127007148873549,0.024896391792565,0.0171211610373923,0.0277325339784318,0.020482697957029,0.0250861847180207,0.0244585901791974,0.00308482112452342,0.0335682761631471,0.0197257426860796,0.0188349668696503,0.0249924856856779,0.00685715540622588,0.0240428230028911,0.0115756263760359,0.0162165587025123,0.0126427872352223,0.000319171360950368,0.0143195528617825,0.00413799296988551,0.031868908729476,0.0267142389086909,0.012244711229644,0.0222390528720912,0.0020449760229707,0.00390678813159723,0.0108030815413028,0.018373215846408,0.0108464796648315,0.0122881049069407,0.00983287815825137,0.0222986894995052,0.0199325957116675,0.011959866673242,0.0322747247501481,0.0241796891876893,0.00525058561634427,0.00710868211587038,0.00323878749095016,6.51870500523208E-05,0.0225982395260139,0.0205367289365015,0.0183506686498516,0.0034526371319844,0.0166696282403209,0.0140518625443533,0.00507268064450691,0.0127397048533695,0.00719698837576921,0.0193976214494607,0.00791596211677314,0.0225783733888112,0.0210581884611139,0.026470225839456,0.0176934090523297,0.00686960965588328,
59,0.00356172931131697,0.0329137654107631,0.00423529055812737,0.0187236363051473,0.0142640748004022,0.0171978314034931,0.0174698208862976,0.00634622095662826,0.0210310761743267,0.0311134135681911,0.0107816499185898,0.0181632927116993,0.0216666210668953,0.0319395500620821,0.0299292582852191,0.0023286225866344,0.0138317905197289,0.00055070375467928,0.0288440610045221,0.00810405703621382,0.0312225108242536,0.0105332342841309,0.0245630287684201,0.0127391921950576,0.00154393156400905,0.0272662016773481,0.0164759661952493,0.00875236643134579,0.00951794458897619,0.0112226235245017,0.0231058706663058,0.00565736636371199,0.019129358929068,0.011321686264007,0.0266682350617015,0.00198051734466676,0.01497471439834,0.00577697133116659,0.0204627622069912,0.0204261169003892,0.0279118216523662,0.0262135389828058,0.0101568327126698,0.0263420549513136,0.0144387380099181,0.0303027063283298,0.0162617847579669,0.00154744191331353,0.0253027928172225,0.0396896160748005,0.0242477422521655,0.0251039484271241,0.0151358775901009,0.00222565638025518,0.0252943388407968,0.00325798294105255,0.0207204149476091,0.0111255509013838,0.0138037387333293,0.00157007807563678,
Emissions,0,1,2,3,4,5,6,7,8,9,10,11,12,13,14,15,16,17,18,19,20,21,22,23,24,25,26,27,28,29,30,31,32,33,34,35,36,37,38,39,40,41,42,43,44,45,46,47,48,49,50,51,52,53,54,55,56,57,58,59,
0,0.129292979942291,0.0256724804665053,0.224146743381218,0.0649670037255625,0.00122041765560358,0.245484221597559,0.0593064570137417,0.178643312005162,0.0816996775844796,0.0231975175276254,0.134148186304962,0.205810636913644,0.201761881921159,0.0695318549896944,0.0627320032823294,0.170174117283454,0.132275904236184,0.152350152797035,0.12221213091541,0.229270941820854,0.102599449788716,0.030569538931501,0.124363788584695,0.201008104114695,0.0484878308204853,0.0887579213290113,0.255517286822607,0.032084656681554,0.130035972984688,0.19109903265834,0.213706582997492,0.18305478819511,0.130152386253514,0.260566120421581,0.148432532061039,0.0739720625602958,0.0244795035051165,0.0542919888860085,0.208523078471791,0.0832766456891925,0.0349707044624856,0.219535889214795,0.0129767257973259,0.0274943741615727,0.0399351604522401,0.137379551723759,0.269698787313797,0.217775980823954,0.129753304430359,0.111651368201173,0.0838829237550149,0.146655547305199,0.207493901682336,0.0149546271207607,0.0480517533842415,0.0969858522774888,0.245146707468069,0.101204955155044,0.215664503388974,0.00543779690768297,
1,0.0262371313377298,0.248224726222802,0.0259917973986028,0.428165904348187,0.341383576629562,0.125097584977912,0.0112479639075735,0.0317425793002242,0.092462358482628,0.390822964665429,0.0953288522315209,0.309058184228639,0.0722400329494204,0.0417271195662775,0.197104550537221,0.395584386897626,0.00783061087779934,0.201341661725978,0.0397818332314782,0.160422487091272,0.283639980368338,0.058546637005914,0.460250947597285,0.0395927949751024,0.0539303673089107,0.251935155876836,0.170880408745782,0.29874557942089,0.283558874045829,0.394882448946315,0.043397279534284,0.298869379564193,0.309266829107689,0.0838885692677832,0.151677073966983,0.220415733233994,0.158273921460217,0.0968492186820835,0.0972089086939301,0.0275772724159335,0.412761022270668,0.087425344837955,0.167094033591534,0.136169951809786,0.0345182654681502,0.126493674628304,0.000429513257177506,0.159323749711291,0.0518670860194281,0.286440241058124,0.2577675039214,0.088659636308502,0.0859129014659682,0.361109548079197,0.128588282805162,0.162941409840335,0.0361306953070151,0.382023899660954,0.202515924248135,0.249220148683909,
2,0.0928966779433671,0.0546213952991419,0.182592536258604,0.0630660615564807,0.119824813415457,0.062249644737482,0.0785985878660076,0.184757085280597,0.0555633475667189,0.106692245187532,0.134065920729532,0.0463921650862356,0.0478237832263705,0.186937343545845,0.064240670124367,0.0828177126307954,0.176417284977854,0.196177776794477,0.0557806444343091,0.0727983583332672,0.149709111632663,0.213310209590814,0.0256287016145221,0.269598759722598,0.15391525399698,0.172727871430819,0.00928578124016477,0.027713043940482,0.102871548059528,0.113606629830566,0.125252548312626,0.0808129302130548,0.0174643092138062,0.0545350699883689,0.0579269188419941,0.0422261926005765,0.265542071399655,0.124517320234314,0.109182394287332,0.116870324746257,0.0837138090007664,0.0892641547259615,0.132463818394496,0.0553818689838524,0.166605034226493,0.210259751161725,0.238250635084018,0.129552830664205,0.23531886082162,0.171737690520659,0.15287314849501,0.142690355133495,0.140702841543813,0.0364420586519206,0.090862448250702,0.0144670127615473,0.0479272435534564,0.0919728420314558,0.132398650656131,0.0936090779812601,
3,0.0838253081887666,0.0472645445249209,0.135954148223023,0.0992903040318058,0.210968172658329,0.0771201172004108,0.0123737274184868,0.423905110427314,0.245429356224077,0.251606696632694,0.0365246607058825,0.0519020810891111,0.00348422458800632,0.038071955830768,0.0747760181780225,0.0721685709529818,0.0915377377008775,0.248686252304529,0.0625208825524855,0.0524745530491155,0.117793915775094,0.0447794803648641,0.243434299237636,0.0128546021699223,0.113019099269357,0.128006545121881,0.153137951975011,0.242112100100655,0.123983428297862,0.103756230735361,0.0660863255207517,0.150855685700102,0.15340808285601,0.107610363588082,0.0199105401008223,0.0476730391515308,0.0678061348577175,0.057970403151498,0.10044552684334,0.0400860966030119,0.218299965482025,0.0788715923529714,0.0188669461895394,0.10270990104239,0.0480726190239075,0.153664683743864,0.0315437629963907,0.154326608145196,0.0513222961867662,0.115496287333301,0.0412255672847004,0.0113922767791571,0.0321434029739933,0.219852960089398,0.139933707536815,0.00895120030888642,0.0787148948363801,0.120458507098752,0.151219095257533,0.0536660474761111,
4,0.202574117859934,0.276189861430604,0.140377998437436,0.287482168294416,0.0232564268634479,0.375890223500194,0.140257009818442,0.0309202051967343,0.330991686080054,0.187151193076958,0.264300136179927,0.114105029077029,0.399586522835167,0.26515849633045,0.187394858299138,0.0461797365195805,0.174563521958658,0.0094606280342556,0.0211785184265546,0.207095964654303,0.00929313027646894,0.156379340177486,0.0316563064890387,0.156691966850172,0.316473494849126,0.190246935929655,0.150107498742611,0.124608788964531,0.180334624905901,0.0684367653496632,0.37525583952326,0.205990152595533,0.171802607244479,0.0502658221545581,0.439736239590311,0.351857284638728,0.123025371023963,0.251038841869844,0.247753058104286,0.291526897550424,0.0815569987526174,0.189535335958252,0.285713251298454,0.28045232460271,0.310445413887808,0.0946301383251844,0.364570815272953,0.252184467097631,0.195460411144805,0.00737580756201776,0.157976101228368,0.326519654715128,0.169340134042274,0.247753551508261,0.265455748540824,0.182888831859787,0.353283808892073,0.183605531731422,0.129677007499118,0.33912144065226,
5,0.256251245346831,0.129519315360771,0.0254844698531821,0.0289335189363139,0.141392497316735,0.107373696284989,0.472970657282409,0.0101549962369375,0.162489013623345,0.01755911467482,0.324814865725318,0.107415749030992,0.0957633213897037,0.377522036130813,0.213097638024326,0.0408412479725146,0.25027645560601,0.0882484740249396,0.52318842268693,0.259873700157749,0.160602228016992,0.241828366512347,0.0417653558705718,0.10160199251507,0.0774773398887618,0.12140730210491,0.170282747550239,0.225064823331735,0.0388016236365471,0.0929432619488999,0.0272852975115722,0.0410396713743664,0.10222943335286,0.146064476642672,0.0903952656568042,0.202455564833403,0.273759706793206,0.218017617924479,0.180209899607354,0.323180140261018,0.021558175573208,0.276315821583809,0.244202893979393,0.249303309909199,0.165818560417821,0.00398245374413584,0.00151578635063815,0.0341944776864975,0.0696523265355505,0.127025826347338,0.245371761838779,0.145767108741111,0.3363204389151,0.00663257005917222,0.226306492947013,0.336189099023651,0.102540698790862,0.0788969930734396,0.0755936500617266,0.065138605855442,
6,0.208922539381084,0.218507676695256,0.265452306447939,0.0280950391072247,0.161954095460871,0.00678451170145349,0.225245596693344,0.139876711553031,0.0313645604387085,0.0229702682349383,0.0108173781228504,0.165316154574353,0.179340233090167,0.0210511936061398,0.200654261554588,0.192234227743047,0.167098484642614,0.103735054318786,0.175337567752843,0.0180639948934398,0.176362184141741,0.254586427417072,0.0729006006062516,0.218651779652432,0.236696613866384,0.0469182682068821,0.0907883249235808,0.0496710075601527,0.140413928069647,0.0352756305308417,0.149016126600009,0.0393773923576327,0.115676351971643,0.297069577936954,0.0919214297820319,0.0614001229814641,0.0871132909601299,0.197314609251771,0.0566771339919616,0.117482622734163,0.147139324458219,0.0590518613262598,0.138682330749255,0.148488269490501,0.234604946523576,0.273589746673032,0.0939906997250234,0.052641885871234,0.266625714861469,0.180272778977381,0.0609029934767286,0.1383154210174,0.0280863793765133,0.113254684491281,0.100801566535233,0.197576593928318,0.136255951152145,0.0418372712489359,0.0929311688883806,0.193806882443337,
