DataSet 41
Learner: Baum Welch Learner
Log Likelihood: 68703.5228941676

Number of States: 10
Number of Symbols: 7
Threshold: 0.01

Initial Distribution:
0.2132	0.0047	0.0143	0.0150	0.0639	0.2568	0.2797	0.0741	0.0532	0.0252	

Transitions:
0.1508	0.1183	0.1562	0.0526	0.0507	0.1012	0.0523	0.1200	0.1313	0.0666	
0.1083	0.0634	0.1656	0.0791	0.0555	0.1533	0.1114	0.0556	0.0515	0.1562	
0.1130	0.1055	0.1008	0.1579	0.0498	0.0726	0.1170	0.1172	0.0646	0.1018	
0.0376	0.0954	0.1042	0.1243	0.1456	0.1270	0.0794	0.1240	0.0018	0.1608	
0.2397	0.0436	0.1921	0.0947	0.1461	0.1266	0.0681	0.0572	0.0002	0.0317	
0.1543	0.0038	0.2100	0.0937	0.1681	0.0442	0.0481	0.0993	0.0034	0.1750	
0.1535	0.1096	0.1324	0.0367	0.0369	0.0170	0.1591	0.1223	0.1118	0.1206	
0.0386	0.1086	0.1318	0.0791	0.1518	0.0828	0.1564	0.0198	0.0889	0.1423	
0.0374	0.1144	0.2106	0.0619	0.1322	0.0337	0.1110	0.0006	0.1985	0.0996	
0.0890	0.1288	0.1895	0.0432	0.1886	0.0749	0.1059	0.0513	0.0376	0.0912	

Emissions
0.1237	0.1469	0.1249	0.1546	0.2944	0.0456	0.1100	
0.1415	0.2662	0.0535	0.0280	0.0632	0.2939	0.1537	
0.1012	0.0836	0.0962	0.0302	0.2450	0.3259	0.1178	
0.1969	0.0088	0.0319	0.1191	0.2622	0.2940	0.0870	
0.0631	0.0582	0.1585	0.0982	0.3074	0.1612	0.1534	
0.1316	0.4469	0.0953	0.1305	0.0866	0.0654	0.0436	
0.0288	0.3976	0.0473	0.1711	0.1077	0.0602	0.1873	
0.2887	0.0079	0.1705	0.2069	0.1770	0.0169	0.1321	
0.0976	0.2136	0.1856	0.0853	0.3244	0.0834	0.0100	
0.1223	0.1177	0.1571	0.0198	0.1483	0.1955	0.2393	
