DataSet 41
Learner: Baum Welch Learner
Log Likelihood: 68637.0251256855

Number of States: 10
Number of Symbols: 7
Threshold: 0.01

Initial Distribution:
0.0172	0.0234	0.2627	0.0847	0.0284	0.2052	0.2663	0.0120	0.0651	0.0352	

Transitions:
0.0844	0.1813	0.0360	0.0388	0.0917	0.0925	0.1530	0.1194	0.1458	0.0572	
0.0478	0.1916	0.0266	0.0529	0.1630	0.0595	0.1449	0.1371	0.1717	0.0049	
0.1689	0.0335	0.0682	0.1139	0.1717	0.1142	0.0726	0.0565	0.0656	0.1350	
0.1866	0.1796	0.0692	0.0320	0.0270	0.0494	0.1235	0.1359	0.0326	0.1641	
0.1886	0.1936	0.0263	0.0017	0.2105	0.1170	0.1265	0.0141	0.0103	0.1113	
0.0241	0.2870	0.0301	0.1044	0.0395	0.0135	0.1907	0.0771	0.0760	0.1577	
0.1509	0.0611	0.0141	0.1783	0.1807	0.1336	0.0635	0.0111	0.0458	0.1610	
0.2055	0.1131	0.1283	0.0945	0.1120	0.0209	0.0088	0.1580	0.0115	0.1472	
0.0072	0.1688	0.0587	0.0173	0.1539	0.1120	0.0883	0.1617	0.2213	0.0109	
0.0561	0.1175	0.0371	0.1249	0.2302	0.1011	0.1169	0.0729	0.0888	0.0545	

Emissions
0.0256	0.1034	0.1642	0.0434	0.3102	0.2902	0.0630	
0.2403	0.0420	0.0255	0.0028	0.2689	0.1760	0.2447	
0.0590	0.3239	0.2038	0.2934	0.0791	0.0059	0.0350	
0.1359	0.0276	0.1073	0.1498	0.0869	0.0551	0.4375	
0.1196	0.1699	0.1231	0.1023	0.1018	0.3493	0.0340	
0.0408	0.2687	0.1618	0.0510	0.3176	0.0236	0.1367	
0.2069	0.3514	0.0099	0.2456	0.0761	0.0675	0.0425	
0.0765	0.1526	0.2472	0.0336	0.2081	0.0337	0.2484	
0.1597	0.1690	0.0413	0.1425	0.3256	0.1172	0.0447	
0.0577	0.1953	0.1274	0.0299	0.2461	0.2974	0.0463	
