DataSet 41
Learner: Baum Welch Learner
Log Likelihood: 68694.7757823475

Number of States: 20
Number of Symbols: 7
Threshold: 0.01

Initial Distribution:
0.1087	0.0339	0.0054	0.0111	0.0598	0.0006	0.0135	0.0032	0.0364	0.0018	0.0881	0.0048	0.0014	0.1008	0.0703	0.1165	0.1260	0.0545	0.0958	0.0673	

Transitions:
0.0693	0.0757	0.1396	0.0076	0.0145	0.0272	0.0210	0.0675	0.0288	0.1048	0.0285	0.0200	0.0748	0.0371	0.0699	0.0482	0.0401	0.0638	0.0557	0.0059	
0.0219	0.0543	0.0562	0.0872	0.0936	0.0507	0.0182	0.0507	0.0003	0.1115	0.0171	0.0978	0.0957	0.0164	0.0442	0.0969	0.0400	0.0310	0.0026	0.0138	
0.0820	0.0812	0.0963	0.0056	0.0652	0.0944	0.0625	0.0034	0.0828	0.0919	0.0259	0.0236	0.0052	0.0707	0.0609	0.0100	0.0265	0.0227	0.0168	0.0725	
0.0048	0.0797	0.0786	0.0292	0.0617	0.0927	0.0487	0.0432	0.0767	0.0843	0.0899	0.0122	0.0894	0.0452	0.0167	0.0313	0.0682	0.0288	0.0006	0.0182	
0.1012	0.0173	0.1031	0.0049	0.0790	0.1652	0.0901	0.0073	0.0745	0.0452	0.0611	0.0267	0.0293	0.0296	0.0081	0.0151	0.0169	0.0624	0.0469	0.0162	
0.0284	0.0201	0.0120	0.0043	0.1014	0.0296	0.0693	0.0575	0.0420	0.0197	0.0604	0.0978	0.0307	0.1259	0.0008	0.0683	0.0245	0.0580	0.0738	0.0756	
0.0715	0.0336	0.0996	0.0546	0.0153	0.1094	0.0987	0.0429	0.0306	0.0033	0.0221	0.0049	0.1125	0.0834	0.0777	0.0463	0.0012	0.0448	0.0055	0.0422	
0.0356	0.0060	0.0635	0.0343	0.0648	0.0939	0.0921	0.0214	0.0231	0.0130	0.0665	0.0623	0.1211	0.0531	0.0207	0.0738	0.0215	0.0420	0.0774	0.0138	
0.0275	0.0091	0.0462	0.0594	0.0835	0.0733	0.0002	0.0426	0.0154	0.0446	0.0725	0.0867	0.0792	0.0150	0.0232	0.0726	0.0766	0.0478	0.0668	0.0579	
0.0987	0.0704	0.0200	0.0187	0.0105	0.0820	0.0080	0.0269	0.0572	0.0808	0.0280	0.0490	0.0585	0.0981	0.0165	0.0297	0.0780	0.0864	0.0494	0.0332	
0.0645	0.0514	0.0094	0.1129	0.0225	0.0372	0.0031	0.1089	0.0519	0.0453	0.0131	0.0916	0.1245	0.0296	0.0196	0.0649	0.0751	0.0096	0.0363	0.0286	
0.0368	0.0761	0.0849	0.0317	0.0073	0.0547	0.0024	0.0637	0.0012	0.0868	0.0018	0.0918	0.0169	0.0378	0.0880	0.0323	0.0624	0.0312	0.1115	0.0807	
0.0467	0.0244	0.0990	0.0150	0.0515	0.0784	0.0652	0.0266	0.0594	0.0423	0.0324	0.0651	0.0694	0.0101	0.0008	0.0643	0.0609	0.0554	0.0664	0.0665	
0.0211	0.0395	0.0900	0.0469	0.0411	0.0344	0.0562	0.0434	0.0499	0.0827	0.0847	0.0560	0.0168	0.0493	0.0535	0.0084	0.0686	0.0508	0.0590	0.0478	
0.0700	0.0737	0.1131	0.0445	0.0409	0.0374	0.0233	0.0025	0.0321	0.0821	0.0519	0.0929	0.0636	0.0128	0.0542	0.0251	0.0418	0.0361	0.0652	0.0369	
0.0057	0.0264	0.1426	0.1181	0.0632	0.1423	0.0614	0.0074	0.0757	0.1182	0.0159	0.0266	0.0156	0.0296	0.0026	0.0633	0.0371	0.0321	0.0033	0.0128	
0.0060	0.0552	0.0113	0.0753	0.0244	0.0094	0.1105	0.0008	0.0958	0.0332	0.0561	0.0374	0.1148	0.0257	0.0372	0.0515	0.0963	0.0187	0.0782	0.0622	
0.0843	0.0212	0.0764	0.0552	0.0700	0.0692	0.1018	0.0352	0.0140	0.0136	0.0870	0.0230	0.0629	0.0634	0.0295	0.0541	0.0139	0.0084	0.0556	0.0613	
0.0841	0.0528	0.0144	0.0174	0.0288	0.0906	0.0281	0.0741	0.0732	0.0476	0.0411	0.0225	0.0478	0.0441	0.0243	0.0812	0.0035	0.0514	0.0851	0.0877	
0.0210	0.0558	0.0995	0.0848	0.0355	0.0484	0.0817	0.0237	0.0935	0.0769	0.0260	0.0846	0.0675	0.0280	0.0413	0.0231	0.0052	0.0216	0.0085	0.0736	

Emissions
0.0217	0.3683	0.0718	0.1126	0.1631	0.0673	0.1950	
0.2518	0.1249	0.1034	0.0751	0.1664	0.0210	0.2573	
0.0529	0.0465	0.1093	0.0218	0.2280	0.2637	0.2777	
0.0103	0.1735	0.3034	0.0060	0.2355	0.2532	0.0181	
0.1741	0.2208	0.1570	0.0930	0.1616	0.0229	0.1706	
0.0958	0.0660	0.0520	0.0143	0.3927	0.3629	0.0163	
0.2131	0.1067	0.0880	0.0938	0.2373	0.2251	0.0360	
0.1178	0.1450	0.1662	0.0586	0.0847	0.3927	0.0351	
0.0686	0.2889	0.2907	0.0173	0.0870	0.2433	0.0042	
0.0909	0.0944	0.1238	0.0515	0.3190	0.0026	0.3178	
0.2154	0.1864	0.0359	0.3339	0.0785	0.1075	0.0425	
0.0787	0.1176	0.0218	0.0655	0.2157	0.3127	0.1881	
0.1693	0.0169	0.0778	0.0630	0.1233	0.4554	0.0944	
0.1551	0.2504	0.0265	0.1464	0.3017	0.0026	0.1172	
0.1620	0.2833	0.0064	0.1638	0.2515	0.0208	0.1124	
0.0512	0.2246	0.1600	0.2231	0.0282	0.0929	0.2200	
0.1313	0.2462	0.0794	0.2048	0.2814	0.0365	0.0203	
0.1350	0.2441	0.1387	0.1760	0.1696	0.1343	0.0025	
0.1312	0.3940	0.0479	0.0583	0.2362	0.0559	0.0766	
0.1726	0.0310	0.2042	0.1374	0.1897	0.0161	0.2490	
