DataSet 41
Learner: Baum Welch Learner
Log Likelihood: 68645.8427463086

Number of States: 20
Number of Symbols: 7
Threshold: 0.01

Initial Distribution:
0.0201	0.0282	0.0379	0.0299	0.0010	0.0168	0.0030	0.0328	0.0387	0.1456	0.2381	0.0034	0.1767	0.0067	0.0020	0.0265	0.0269	0.1345	0.0253	0.0057	

Transitions:
0.0795	0.0724	0.0175	0.0179	0.1063	0.0041	0.0543	0.0621	0.0001	0.0107	0.0527	0.0471	0.0641	0.0234	0.0838	0.0743	0.0051	0.0635	0.0807	0.0806	
0.0860	0.0221	0.0698	0.0316	0.0406	0.0383	0.0179	0.0670	0.0152	0.0518	0.0853	0.0551	0.0446	0.0245	0.0337	0.0745	0.0727	0.0116	0.0417	0.1157	
0.0177	0.0491	0.0472	0.0247	0.0384	0.0537	0.0402	0.0643	0.0355	0.0295	0.0171	0.0692	0.0627	0.0614	0.0346	0.0492	0.0916	0.0702	0.0713	0.0725	
0.0813	0.0903	0.0351	0.0445	0.0130	0.0920	0.0004	0.0346	0.0898	0.0015	0.0029	0.0804	0.0246	0.0808	0.0415	0.0301	0.0605	0.0349	0.0736	0.0884	
0.0917	0.0507	0.0181	0.0793	0.0298	0.0184	0.0826	0.0780	0.0900	0.0706	0.0799	0.0733	0.0368	0.0811	0.0113	0.0282	0.0047	0.0069	0.0108	0.0576	
0.0587	0.0071	0.0703	0.0436	0.0317	0.0357	0.0487	0.0925	0.0176	0.0013	0.0779	0.0444	0.0019	0.1033	0.0792	0.0370	0.0715	0.0506	0.0123	0.1146	
0.0124	0.0228	0.0581	0.0151	0.0217	0.0319	0.0709	0.0629	0.0973	0.0204	0.0371	0.0694	0.0412	0.0508	0.0398	0.1062	0.0857	0.0923	0.0577	0.0064	
0.0658	0.1040	0.0578	0.0825	0.0797	0.0371	0.0696	0.0433	0.0013	0.0637	0.0514	0.0378	0.0847	0.0161	0.0383	0.0341	0.0533	0.0534	0.0184	0.0077	
0.0789	0.0001	0.0138	0.1102	0.0717	0.0354	0.0165	0.0634	0.0787	0.0924	0.0766	0.0805	0.0139	0.0099	0.0265	0.0108	0.0482	0.0618	0.0195	0.0911	
0.0440	0.0082	0.0377	0.0924	0.0438	0.0905	0.0483	0.0131	0.0852	0.0691	0.0215	0.0784	0.0468	0.0406	0.0273	0.0559	0.0818	0.0519	0.0110	0.0526	
0.0202	0.0124	0.0748	0.0120	0.0033	0.0996	0.0263	0.0847	0.0857	0.0237	0.0737	0.0775	0.0353	0.0437	0.0647	0.0605	0.0559	0.0164	0.0430	0.0868	
0.0654	0.0016	0.0544	0.0574	0.0513	0.0613	0.0201	0.0606	0.0736	0.0518	0.0254	0.0680	0.0490	0.0636	0.0547	0.0316	0.0200	0.0297	0.0772	0.0834	
0.0646	0.0947	0.0316	0.0809	0.0043	0.0523	0.0582	0.0271	0.0855	0.0657	0.0160	0.0674	0.0253	0.0317	0.1042	0.0192	0.0515	0.0202	0.0596	0.0400	
0.0601	0.0709	0.0063	0.0299	0.1124	0.0131	0.0398	0.0873	0.0955	0.0265	0.0471	0.0131	0.0282	0.0737	0.0323	0.1026	0.0721	0.0002	0.0617	0.0272	
0.0139	0.1002	0.0703	0.0142	0.0376	0.0637	0.0459	0.0229	0.0721	0.0357	0.0703	0.0022	0.0727	0.0576	0.0218	0.0819	0.0606	0.0008	0.0567	0.0990	
0.0029	0.0829	0.0419	0.0584	0.0187	0.0041	0.0373	0.0581	0.0970	0.0812	0.0417	0.0419	0.0582	0.0307	0.0189	0.0546	0.0732	0.0791	0.0792	0.0401	
0.0612	0.0134	0.1098	0.0343	0.0352	0.0427	0.0265	0.0749	0.0450	0.0378	0.0301	0.0799	0.0369	0.0741	0.0203	0.0416	0.0530	0.0299	0.1045	0.0487	
0.0295	0.1021	0.0264	0.1020	0.0006	0.0572	0.0418	0.0591	0.0395	0.0609	0.0240	0.0710	0.0165	0.0355	0.0362	0.0893	0.0837	0.0111	0.0284	0.0853	
0.0819	0.0796	0.0156	0.0620	0.0530	0.0742	0.0109	0.0851	0.0087	0.0700	0.0015	0.0377	0.0885	0.0451	0.0054	0.0636	0.0871	0.0002	0.0322	0.0977	
0.0997	0.0727	0.0241	0.0736	0.0059	0.0546	0.0563	0.1025	0.0367	0.0264	0.0560	0.0417	0.0021	0.0202	0.0648	0.0561	0.0770	0.0560	0.0373	0.0364	

Emissions
0.0809	0.1474	0.0863	0.0890	0.1922	0.2335	0.1707	
0.1883	0.1029	0.1481	0.0259	0.2411	0.1883	0.1053	
0.2992	0.0707	0.1516	0.1190	0.2714	0.0306	0.0576	
0.0375	0.1789	0.2063	0.0416	0.1954	0.1259	0.2143	
0.2372	0.1589	0.1841	0.0192	0.2453	0.0123	0.1431	
0.1250	0.0557	0.2031	0.0260	0.0764	0.2576	0.2562	
0.1656	0.1683	0.0368	0.0926	0.2151	0.2288	0.0927	
0.2470	0.0840	0.1591	0.0343	0.2374	0.0897	0.1484	
0.0207	0.2803	0.1152	0.0154	0.1919	0.0299	0.3466	
0.1676	0.3236	0.1721	0.0720	0.1677	0.0059	0.0910	
0.0095	0.4346	0.0778	0.2374	0.1007	0.0367	0.1032	
0.1831	0.1403	0.0757	0.1041	0.2480	0.1575	0.0913	
0.1055	0.3085	0.0227	0.2051	0.2600	0.0201	0.0781	
0.1139	0.0551	0.0041	0.0947	0.1923	0.3089	0.2311	
0.1808	0.0521	0.1223	0.0871	0.1370	0.3250	0.0957	
0.0551	0.2418	0.1180	0.1258	0.1994	0.2139	0.0460	
0.0121	0.0182	0.0206	0.1867	0.3328	0.2682	0.1614	
0.0521	0.2660	0.1362	0.2488	0.1762	0.0158	0.1048	
0.1884	0.1090	0.1595	0.1520	0.1954	0.1935	0.0023	
0.1045	0.2050	0.0383	0.0465	0.1708	0.4107	0.0241	
