DataSet 41
Learner: Baum Welch Learner
Log Likelihood: 68699.4299308749

Number of States: 20
Number of Symbols: 7
Threshold: 0.01

Initial Distribution:
0.0273	0.0535	0.0667	0.0019	0.0050	0.0161	0.0071	0.0081	0.2059	0.0148	0.0086	0.0676	0.1934	0.0340	0.0143	0.1429	0.0030	0.0565	0.0405	0.0326	

Transitions:
0.0643	0.0884	0.0449	0.1121	0.0421	0.0511	0.0603	0.0041	0.0447	0.0432	0.1215	0.0114	0.0288	0.0104	0.0198	0.0006	0.0276	0.0741	0.0804	0.0704	
0.1021	0.0617	0.0109	0.0080	0.0031	0.0274	0.0107	0.1019	0.0729	0.0733	0.0988	0.0058	0.0288	0.0912	0.0459	0.0715	0.0120	0.0662	0.0807	0.0270	
0.0760	0.0058	0.0950	0.0702	0.0305	0.0119	0.0342	0.0518	0.0346	0.0224	0.0329	0.0465	0.0864	0.1125	0.0610	0.0108	0.0733	0.0454	0.0897	0.0093	
0.0175	0.0530	0.0259	0.0588	0.0353	0.0695	0.0546	0.0407	0.0577	0.0322	0.0709	0.0422	0.0580	0.0433	0.0684	0.0593	0.0456	0.0439	0.0474	0.0760	
0.0818	0.0727	0.0468	0.0524	0.0446	0.0447	0.0236	0.0463	0.0238	0.0258	0.0145	0.0619	0.0594	0.0663	0.0959	0.0640	0.0687	0.0026	0.0703	0.0340	
0.0240	0.0805	0.0578	0.0937	0.0314	0.0641	0.0321	0.0184	0.0915	0.0585	0.0397	0.0825	0.0413	0.0755	0.0131	0.0464	0.0180	0.0825	0.0320	0.0168	
0.0620	0.0461	0.0275	0.0579	0.0402	0.0213	0.0873	0.0330	0.0759	0.0050	0.0320	0.0742	0.0713	0.0615	0.0795	0.0180	0.0055	0.0831	0.0182	0.1005	
0.0010	0.0087	0.0499	0.0830	0.0795	0.0201	0.0236	0.0010	0.0662	0.0386	0.0883	0.0756	0.0600	0.0945	0.0848	0.0856	0.0462	0.0313	0.0499	0.0122	
0.0808	0.0156	0.0531	0.1027	0.0411	0.0688	0.0201	0.0018	0.0130	0.0942	0.0549	0.0435	0.0685	0.0628	0.0148	0.0429	0.0962	0.0584	0.0563	0.0107	
0.0907	0.1018	0.0655	0.0317	0.0444	0.0694	0.0025	0.0014	0.0856	0.0859	0.0744	0.0713	0.0211	0.0067	0.0037	0.0794	0.0594	0.0532	0.0300	0.0219	
0.0743	0.0159	0.0689	0.0560	0.0658	0.0258	0.0779	0.0042	0.0572	0.0198	0.0954	0.0760	0.0560	0.0378	0.0132	0.0766	0.0360	0.0273	0.0393	0.0766	
0.0754	0.0218	0.0262	0.0488	0.0330	0.0844	0.0204	0.0960	0.0647	0.0315	0.1287	0.0340	0.0220	0.0429	0.0157	0.0797	0.1102	0.0116	0.0442	0.0087	
0.0568	0.0895	0.0393	0.0618	0.0794	0.0632	0.0030	0.0960	0.0814	0.0080	0.0420	0.0215	0.0056	0.0597	0.0480	0.0652	0.0861	0.0483	0.0342	0.0113	
0.0089	0.0229	0.0457	0.0310	0.0208	0.0736	0.0717	0.0463	0.0310	0.0368	0.1099	0.0344	0.0833	0.0520	0.0203	0.0659	0.0690	0.0693	0.0503	0.0569	
0.0573	0.0315	0.0676	0.0492	0.0769	0.0758	0.0199	0.0664	0.0878	0.0304	0.0859	0.0423	0.0644	0.0273	0.0956	0.0317	0.0427	0.0138	0.0255	0.0081	
0.0021	0.0788	0.0621	0.0790	0.0177	0.0048	0.0297	0.0734	0.0411	0.0919	0.0048	0.0321	0.0975	0.0957	0.0505	0.0775	0.0577	0.0020	0.0475	0.0540	
0.0410	0.0091	0.0465	0.1163	0.0673	0.0544	0.0450	0.0706	0.0447	0.0735	0.0216	0.0535	0.0286	0.0487	0.0530	0.0060	0.0810	0.0194	0.0286	0.0911	
0.0397	0.0583	0.0222	0.0062	0.0277	0.0523	0.0436	0.0910	0.0731	0.0173	0.0847	0.0392	0.0586	0.0742	0.0549	0.0728	0.0053	0.0480	0.0747	0.0562	
0.0381	0.0588	0.0079	0.0590	0.0570	0.0409	0.0775	0.0436	0.0278	0.0295	0.1020	0.0201	0.0551	0.0508	0.0935	0.0683	0.0725	0.0428	0.0543	0.0006	
0.0756	0.0527	0.0614	0.0276	0.0832	0.0625	0.0605	0.0438	0.0739	0.0490	0.0019	0.0133	0.0177	0.0641	0.0338	0.0619	0.0461	0.0597	0.0362	0.0750	

Emissions
0.1639	0.0567	0.1414	0.1145	0.1060	0.1970	0.2205	
0.0368	0.3055	0.1181	0.0282	0.1939	0.1281	0.1895	
0.0975	0.2351	0.1110	0.1551	0.1934	0.1112	0.0967	
0.0571	0.0934	0.0869	0.0309	0.2887	0.2952	0.1479	
0.0674	0.0816	0.1259	0.0448	0.0255	0.4736	0.1812	
0.1725	0.2976	0.0561	0.0116	0.1014	0.2309	0.1300	
0.2627	0.0694	0.1303	0.1157	0.2005	0.1809	0.0405	
0.1578	0.0234	0.1932	0.0211	0.3895	0.1268	0.0882	
0.1018	0.4520	0.0222	0.1684	0.1824	0.0470	0.0262	
0.1785	0.1684	0.0078	0.1029	0.0823	0.2206	0.2394	
0.1493	0.0951	0.0801	0.0452	0.3225	0.2066	0.1012	
0.0803	0.1147	0.1371	0.1920	0.2493	0.0998	0.1268	
0.0092	0.3108	0.2094	0.2062	0.2005	0.0056	0.0583	
0.1594	0.0462	0.0931	0.0932	0.3681	0.0919	0.1483	
0.1595	0.1288	0.1631	0.0059	0.3120	0.0897	0.1409	
0.1084	0.3744	0.1040	0.1981	0.1083	0.0540	0.0529	
0.1952	0.0883	0.1808	0.0039	0.0548	0.2785	0.1985	
0.1839	0.0220	0.0214	0.2051	0.2492	0.0950	0.2235	
0.0629	0.0306	0.1593	0.2121	0.1935	0.1853	0.1563	
0.1572	0.3383	0.0758	0.0116	0.1829	0.1445	0.0898	
