DataSet 41
Learner: Baum Welch Learner
Log Likelihood: 68589.4298277192

Number of States: 10
Number of Symbols: 7
Threshold: 0.01

Initial Distribution:
0.1061	0.0030	0.2746	0.0388	0.0234	0.0212	0.1141	0.0176	0.3685	0.0328	

Transitions:
0.0549	0.0294	0.1099	0.1443	0.0304	0.0930	0.1126	0.1329	0.1851	0.1075	
0.0859	0.1038	0.1278	0.1811	0.1214	0.0984	0.0372	0.1078	0.0644	0.0722	
0.0399	0.1580	0.1308	0.1366	0.0905	0.1365	0.0828	0.1043	0.0035	0.1171	
0.1524	0.0183	0.1188	0.0426	0.0347	0.1246	0.1446	0.0713	0.1109	0.1818	
0.0343	0.0856	0.0775	0.1722	0.0566	0.1449	0.0518	0.1730	0.0987	0.1054	
0.2630	0.0066	0.1925	0.1209	0.0331	0.0982	0.0440	0.1307	0.0612	0.0498	
0.1470	0.0018	0.0999	0.0226	0.2230	0.0745	0.1663	0.1253	0.1352	0.0044	
0.1430	0.1587	0.0015	0.0862	0.0448	0.1422	0.0602	0.1718	0.0971	0.0945	
0.0919	0.1528	0.1459	0.0547	0.2026	0.1160	0.0443	0.0138	0.0078	0.1702	
0.0787	0.0277	0.0129	0.0646	0.2437	0.0438	0.2044	0.0852	0.0097	0.2293	

Emissions
0.1643	0.2692	0.0199	0.1767	0.3471	0.0186	0.0042	
0.0876	0.0817	0.1648	0.0081	0.1203	0.3972	0.1403	
0.1737	0.1573	0.1302	0.2703	0.1582	0.0631	0.0472	
0.1536	0.1466	0.0218	0.1313	0.2652	0.1708	0.1108	
0.0805	0.0155	0.2822	0.0021	0.2516	0.2070	0.1612	
0.1352	0.1403	0.0344	0.0669	0.3397	0.1528	0.1308	
0.1335	0.2520	0.2742	0.0303	0.0949	0.0851	0.1301	
0.1662	0.0051	0.1586	0.0166	0.2656	0.2161	0.1717	
0.0392	0.4901	0.0314	0.1488	0.1290	0.0186	0.1429	
0.0779	0.1680	0.0139	0.1146	0.0408	0.3246	0.2601	
