DataSet 1
Learner: Baum Welch Learner
Log Likelihood: 68885.4878979764

Number of States: 30
Number of Symbols: 8
Threshold: 0.01

Initial Distribution:
0.0000	0.0000	0.0001	0.1707	0.0000	0.0001	0.1279	0.0000	0.2053	0.0039	0.0013	0.0000	0.0012	0.0000	0.0000	0.0456	0.0000	0.0000	0.0000	0.0095	0.0000	0.0000	0.0000	0.4160	0.0000	0.0000	0.0000	0.0100	0.0000	0.0084	

Transitions:
0.0000	0.0000	0.0011	0.0044	0.0156	0.1169	0.0108	0.0270	0.0122	0.0146	0.0011	0.0000	0.1405	0.0136	0.0006	0.0052	0.0194	0.0237	0.0001	0.0724	0.0000	0.0160	0.4176	0.0036	0.0040	0.0000	0.0001	0.0495	0.0122	0.0179	
0.2132	0.0109	0.0073	0.0012	0.0388	0.0099	0.0227	0.0138	0.0201	0.0159	0.0029	0.0024	0.0151	0.0157	0.1230	0.0258	0.0080	0.0108	0.0125	0.0065	0.0815	0.0038	0.0009	0.0000	0.0065	0.1817	0.0954	0.0087	0.0106	0.0345	
0.0000	0.0123	0.2496	0.0028	0.0159	0.1270	0.0084	0.0136	0.0198	0.0020	0.0122	0.0117	0.0258	0.0002	0.0023	0.0049	0.2712	0.0190	0.0307	0.0038	0.0061	0.0142	0.0471	0.0061	0.0458	0.0010	0.0009	0.0016	0.0438	0.0003	
0.0001	0.0138	0.0313	0.0019	0.0134	0.0230	0.0004	0.0660	0.0022	0.1592	0.0050	0.0429	0.0027	0.0045	0.0020	0.0285	0.0050	0.2001	0.0686	0.0136	0.0006	0.1246	0.0135	0.0033	0.0748	0.0014	0.0297	0.0124	0.0381	0.0174	
0.0019	0.0658	0.0114	0.0010	0.0346	0.0094	0.0007	0.0138	0.0429	0.0038	0.1295	0.2104	0.0085	0.0066	0.0282	0.0535	0.0033	0.0010	0.0908	0.0541	0.0972	0.0251	0.0104	0.0039	0.0019	0.0665	0.0159	0.0027	0.0051	0.0002	
0.0001	0.0021	0.0145	0.0062	0.0129	0.1895	0.0044	0.0568	0.0030	0.0006	0.0180	0.0179	0.0208	0.0033	0.0054	0.0028	0.0298	0.0069	0.1025	0.0855	0.0012	0.0920	0.0754	0.0017	0.0779	0.0098	0.0055	0.0070	0.1206	0.0261	
0.0107	0.0345	0.0005	0.0184	0.0413	0.2284	0.0037	0.0495	0.0004	0.0114	0.0047	0.0061	0.0130	0.0069	0.0261	0.0213	0.0339	0.0032	0.0247	0.0476	0.0027	0.0204	0.1498	0.0014	0.0287	0.0577	0.0814	0.0212	0.0505	0.0003	
0.0007	0.0145	0.0034	0.0487	0.0028	0.0014	0.0080	0.0021	0.1165	0.0001	0.0483	0.0046	0.0541	0.0025	0.0066	0.0342	0.0602	0.0002	0.0143	0.1432	0.0561	0.0923	0.0078	0.0004	0.1079	0.0022	0.0216	0.0147	0.1289	0.0019	
0.0000	0.0006	0.0092	0.0001	0.0232	0.0178	0.0000	0.0461	0.0017	0.4389	0.0000	0.3805	0.0005	0.0108	0.0000	0.0002	0.0072	0.0202	0.0047	0.0021	0.0000	0.0022	0.0277	0.0015	0.0006	0.0003	0.0025	0.0002	0.0008	0.0000	
0.0858	0.0056	0.0029	0.0212	0.0007	0.0004	0.0150	0.0296	0.0000	0.0585	0.0851	0.0156	0.0021	0.0029	0.1675	0.0021	0.0002	0.0039	0.0014	0.0207	0.1035	0.0056	0.0005	0.0014	0.0131	0.0345	0.1282	0.0532	0.0019	0.1367	
0.1291	0.0051	0.0029	0.0278	0.1021	0.0462	0.0019	0.0066	0.0355	0.0002	0.0032	0.0016	0.0233	0.0056	0.0086	0.0032	0.0009	0.0167	0.0220	0.0035	0.0146	0.0021	0.1748	0.0011	0.0009	0.2050	0.1359	0.0081	0.0005	0.0111	
0.0071	0.0288	0.1215	0.0001	0.0073	0.0911	0.0129	0.0891	0.0105	0.1558	0.0330	0.0420	0.0588	0.0458	0.1075	0.0048	0.0686	0.0207	0.0013	0.0110	0.0008	0.0041	0.0438	0.0000	0.0125	0.0006	0.0063	0.0006	0.0075	0.0064	
0.0030	0.0180	0.0041	0.0038	0.0368	0.3259	0.0038	0.0114	0.0431	0.0022	0.0079	0.0855	0.0051	0.0399	0.0102	0.0129	0.0048	0.0019	0.0362	0.0079	0.0007	0.1602	0.0164	0.0001	0.0656	0.0569	0.0067	0.0076	0.0153	0.0061	
0.0306	0.0638	0.0027	0.0161	0.0056	0.0003	0.0336	0.0013	0.0008	0.0184	0.1483	0.0209	0.0530	0.0067	0.0716	0.0583	0.0270	0.0177	0.0066	0.0492	0.0385	0.0279	0.0135	0.0003	0.0308	0.0440	0.0616	0.0022	0.0301	0.1185	
0.0168	0.0196	0.0060	0.0023	0.3462	0.0279	0.0060	0.0119	0.0037	0.0126	0.0033	0.0225	0.0193	0.0132	0.0160	0.0032	0.0611	0.0041	0.0654	0.0042	0.0299	0.0485	0.1627	0.0001	0.0013	0.0833	0.0009	0.0003	0.0007	0.0068	
0.0255	0.0013	0.0020	0.0558	0.0126	0.0430	0.0169	0.0033	0.0177	0.0127	0.0160	0.0000	0.0096	0.0033	0.0560	0.0031	0.0082	0.0014	0.0128	0.0955	0.0070	0.0045	0.0151	0.0000	0.0143	0.1881	0.3533	0.0060	0.0083	0.0066	
0.0007	0.0068	0.3536	0.0015	0.0006	0.0002	0.0398	0.0069	0.0086	0.0015	0.1512	0.0111	0.0237	0.0068	0.0182	0.0155	0.1370	0.0181	0.0130	0.0046	0.0612	0.0054	0.0089	0.0416	0.0288	0.0036	0.0004	0.0016	0.0220	0.0073	
0.0142	0.0853	0.0093	0.0011	0.0058	0.0019	0.0083	0.0178	0.0006	0.0117	0.0929	0.1690	0.0003	0.0301	0.0286	0.0996	0.0317	0.0033	0.0035	0.0119	0.0848	0.0371	0.0030	0.0007	0.0373	0.0740	0.0128	0.0062	0.0937	0.0236	
0.0128	0.0415	0.0161	0.0074	0.0405	0.0061	0.1214	0.0203	0.0096	0.0032	0.1066	0.1637	0.0072	0.0033	0.0115	0.0255	0.0253	0.0104	0.0634	0.0173	0.1429	0.0374	0.0258	0.0003	0.0031	0.0028	0.0124	0.0064	0.0322	0.0235	
0.0002	0.0005	0.0071	0.0717	0.0383	0.1694	0.0028	0.0011	0.2007	0.0069	0.0141	0.0005	0.0437	0.0294	0.0183	0.0040	0.0058	0.0073	0.0124	0.0527	0.0114	0.0505	0.0157	0.0003	0.0486	0.0225	0.0502	0.0354	0.0513	0.0271	
0.0066	0.0210	0.0002	0.0115	0.0109	0.0323	0.0005	0.0002	0.5217	0.0554	0.0050	0.0570	0.0493	0.0193	0.0505	0.0058	0.0057	0.0351	0.0102	0.0029	0.0170	0.0212	0.0012	0.0006	0.0029	0.0170	0.0245	0.0033	0.0074	0.0037	
0.0089	0.0125	0.0059	0.0007	0.0087	0.0009	0.1710	0.0084	0.0013	0.0731	0.0993	0.0310	0.0094	0.0211	0.0986	0.0123	0.0028	0.0365	0.0083	0.0043	0.2841	0.0013	0.0060	0.0145	0.0100	0.0118	0.0141	0.0116	0.0057	0.0261	
0.0051	0.0211	0.0036	0.0014	0.0169	0.0689	0.0272	0.0043	0.0025	0.0001	0.0018	0.0533	0.0030	0.0004	0.0398	0.2074	0.0147	0.0012	0.0482	0.0517	0.0347	0.0588	0.0201	0.0002	0.0304	0.2076	0.0487	0.0057	0.0134	0.0078	
0.8523	0.0004	0.0001	0.0001	0.0009	0.0617	0.0005	0.0019	0.0000	0.0252	0.0032	0.0260	0.0003	0.0013	0.0034	0.0001	0.0016	0.0015	0.0015	0.0002	0.0001	0.0001	0.0007	0.0000	0.0000	0.0092	0.0065	0.0000	0.0003	0.0008	
0.0144	0.0038	0.1185	0.0071	0.0243	0.0119	0.0247	0.0031	0.0087	0.1316	0.1004	0.0000	0.0756	0.0556	0.0370	0.0114	0.0121	0.0407	0.0035	0.0063	0.0802	0.0057	0.0496	0.0296	0.0451	0.0224	0.0179	0.0496	0.0036	0.0058	
0.0101	0.0087	0.0022	0.0016	0.0699	0.1056	0.0190	0.0000	0.0469	0.0148	0.0237	0.0125	0.0900	0.1348	0.0178	0.0075	0.0104	0.0884	0.0605	0.0104	0.0641	0.0480	0.0447	0.0000	0.0047	0.0000	0.0442	0.0025	0.0507	0.0063	
0.0041	0.0588	0.0005	0.0058	0.0487	0.0752	0.0123	0.0045	0.0270	0.1097	0.0134	0.0089	0.0687	0.0125	0.0380	0.0114	0.0507	0.0096	0.0377	0.0154	0.0158	0.2638	0.0131	0.0000	0.0266	0.0321	0.0168	0.0014	0.0112	0.0062	
0.0152	0.0293	0.0022	0.0882	0.0144	0.0311	0.0015	0.0170	0.0829	0.0570	0.0457	0.0040	0.0297	0.0490	0.0284	0.0137	0.0254	0.0212	0.0425	0.0235	0.0087	0.0168	0.0360	0.0001	0.0186	0.1545	0.0251	0.0613	0.0329	0.0241	
0.0136	0.0200	0.0293	0.0010	0.0542	0.0114	0.2136	0.0015	0.0323	0.0407	0.0508	0.0086	0.0469	0.0019	0.0079	0.0151	0.0234	0.0835	0.0228	0.0036	0.1802	0.0035	0.0208	0.0757	0.0047	0.0107	0.0007	0.0031	0.0125	0.0061	
0.0053	0.0024	0.0077	0.0244	0.2333	0.0143	0.0111	0.0062	0.0129	0.1792	0.0138	0.0007	0.0499	0.0328	0.0599	0.0005	0.0134	0.0592	0.0043	0.0220	0.0085	0.0605	0.0290	0.0013	0.0149	0.0104	0.0082	0.0104	0.0934	0.0102	

Emissions
0.0001	0.0000	0.0539	0.6547	0.0539	0.0442	0.1931	0.0000	
0.0135	0.0332	0.3756	0.1249	0.0553	0.2663	0.0803	0.0508	
0.0054	0.2326	0.0328	0.0005	0.0206	0.0022	0.0001	0.7057	
0.5243	0.0005	0.0000	0.0000	0.3207	0.1166	0.0000	0.0378	
0.0021	0.4558	0.0001	0.2439	0.2118	0.0107	0.0079	0.0678	
0.0128	0.0107	0.0102	0.0025	0.9547	0.0000	0.0002	0.0089	
0.0642	0.0075	0.0720	0.0000	0.0214	0.8297	0.0032	0.0018	
0.2998	0.5206	0.0245	0.0100	0.0908	0.0022	0.0117	0.0405	
0.0593	0.0165	0.0000	0.0000	0.7353	0.0046	0.0000	0.1843	
0.0054	0.0000	0.0016	0.0021	0.0179	0.0059	0.9655	0.0015	
0.1136	0.0349	0.1085	0.0308	0.0107	0.6793	0.0128	0.0093	
0.0073	0.0070	0.8836	0.0239	0.0044	0.0002	0.0721	0.0015	
0.0282	0.0294	0.0001	0.0006	0.7539	0.0669	0.0096	0.1113	
0.0028	0.0037	0.0163	0.0828	0.1212	0.0201	0.5922	0.1610	
0.0006	0.0050	0.0030	0.1239	0.1074	0.6457	0.0095	0.1049	
0.3572	0.0048	0.1425	0.0004	0.0489	0.4069	0.0385	0.0009	
0.0003	0.0793	0.0405	0.0126	0.0411	0.0080	0.0257	0.7925	
0.0053	0.2791	0.0029	0.0530	0.1713	0.0317	0.4261	0.0306	
0.0104	0.3706	0.0410	0.3168	0.1154	0.0033	0.0027	0.1398	
0.6859	0.0104	0.0082	0.0008	0.2203	0.0128	0.0015	0.0600	
0.0842	0.0720	0.0116	0.5200	0.0003	0.1005	0.0162	0.1952	
0.0026	0.0194	0.0647	0.0571	0.0494	0.0056	0.0642	0.7370	
0.0015	0.2100	0.0000	0.0010	0.7579	0.0102	0.0023	0.0170	
0.3947	0.5515	0.0088	0.0000	0.0000	0.0443	0.0007	0.0000	
0.1341	0.0103	0.0320	0.0128	0.0297	0.0034	0.0070	0.7707	
0.0646	0.0011	0.0252	0.7761	0.1055	0.0154	0.0001	0.0119	
0.2947	0.0124	0.0010	0.5172	0.1298	0.0134	0.0295	0.0020	
0.6319	0.0534	0.0009	0.0000	0.0511	0.1468	0.0439	0.0720	
0.0124	0.0375	0.0251	0.0752	0.0436	0.0082	0.0062	0.7918	
0.3321	0.0371	0.0067	0.0004	0.0562	0.4111	0.0403	0.1161	
