DataSet 1
Learner: Baum Welch Learner
Log Likelihood: 69013.0729227298

Number of States: 20
Number of Symbols: 8
Threshold: 0.01

Initial Distribution:
0.0050	0.0000	0.0000	0.0200	0.0000	0.1265	0.2920	0.1192	0.0000	0.0000	0.0000	0.0000	0.0000	0.3456	0.0000	0.0000	0.0002	0.0915	0.0000	0.0000	

Transitions:
0.5251	0.0229	0.0016	0.0081	0.0093	0.0036	0.0041	0.0083	0.0013	0.0074	0.0229	0.0007	0.0284	0.0150	0.0031	0.2742	0.0144	0.0014	0.0000	0.0484	
0.0015	0.0569	0.0523	0.0299	0.0002	0.0733	0.0001	0.1922	0.0316	0.0013	0.1519	0.0076	0.0131	0.0006	0.1235	0.0004	0.0241	0.0884	0.1510	0.0002	
0.0083	0.0340	0.0214	0.0092	0.0104	0.0060	0.0068	0.0636	0.0052	0.0698	0.1747	0.1186	0.0301	0.0004	0.1162	0.0003	0.0292	0.0828	0.0652	0.1477	
0.2224	0.0108	0.0265	0.0004	0.0034	0.0310	0.0060	0.1339	0.0013	0.0702	0.0100	0.0001	0.0062	0.0001	0.0480	0.0034	0.0075	0.0070	0.2726	0.1393	
0.0522	0.0076	0.1128	0.0660	0.0119	0.0641	0.0039	0.0430	0.0120	0.0296	0.0745	0.1034	0.0304	0.0019	0.0662	0.0052	0.0258	0.2762	0.0003	0.0130	
0.0107	0.1056	0.1145	0.0037	0.0349	0.2266	0.0185	0.0263	0.0037	0.0167	0.1698	0.0284	0.0946	0.0023	0.0450	0.0178	0.0005	0.0327	0.0037	0.0438	
0.0101	0.4316	0.0001	0.0000	0.0436	0.0001	0.0000	0.0001	0.4782	0.0004	0.0000	0.0001	0.0020	0.0000	0.0009	0.0190	0.0001	0.0000	0.0058	0.0079	
0.0267	0.0786	0.0608	0.0013	0.1129	0.0192	0.0028	0.0009	0.0123	0.0258	0.0157	0.1127	0.2120	0.0073	0.0414	0.2148	0.0014	0.0011	0.0202	0.0322	
0.0551	0.1826	0.0008	0.1388	0.2602	0.0141	0.0000	0.0382	0.0053	0.0083	0.0019	0.0040	0.0708	0.0003	0.0004	0.0769	0.1077	0.0008	0.0000	0.0337	
0.0146	0.0356	0.1150	0.0112	0.1048	0.0454	0.0006	0.0095	0.0270	0.0123	0.0140	0.1361	0.0160	0.0075	0.1166	0.1871	0.0771	0.0005	0.0091	0.0600	
0.0070	0.0699	0.0196	0.0005	0.0184	0.0024	0.1747	0.0408	0.0366	0.0725	0.0244	0.0198	0.0122	0.0139	0.0001	0.0763	0.0245	0.1365	0.1376	0.1125	
0.0142	0.2065	0.0106	0.0242	0.0037	0.0005	0.0038	0.0357	0.0453	0.0057	0.0486	0.0110	0.0099	0.0057	0.1221	0.0234	0.0029	0.3441	0.0569	0.0252	
0.0631	0.0123	0.0179	0.0938	0.0228	0.0189	0.0045	0.0139	0.0115	0.0124	0.0563	0.2029	0.0107	0.0084	0.0840	0.0870	0.0199	0.1102	0.0819	0.0675	
0.0010	0.0018	0.0001	0.0000	0.0002	0.0001	0.0000	0.0111	0.0017	0.0324	0.0001	0.0000	0.0009	0.0000	0.0009	0.0001	0.0003	0.0147	0.9341	0.0003	
0.0126	0.1430	0.0021	0.0039	0.0020	0.0097	0.0577	0.0102	0.0124	0.1243	0.0630	0.2430	0.0042	0.0001	0.0291	0.0003	0.0210	0.0008	0.0328	0.2279	
0.0284	0.0003	0.1353	0.2896	0.0574	0.0264	0.0390	0.0108	0.0023	0.0246	0.0603	0.0627	0.0612	0.0012	0.0448	0.0054	0.0137	0.0144	0.0336	0.0885	
0.0320	0.0219	0.0270	0.0014	0.0241	0.0100	0.0010	0.0132	0.0069	0.4229	0.0095	0.0640	0.0359	0.0001	0.0597	0.0037	0.0556	0.0002	0.0980	0.1130	
0.0003	0.0022	0.0469	0.0004	0.0290	0.1001	0.0019	0.0388	0.0231	0.3613	0.0071	0.0173	0.0227	0.0094	0.0015	0.0865	0.0197	0.0096	0.1628	0.0593	
0.0028	0.0161	0.0080	0.0302	0.2955	0.0516	0.0148	0.0145	0.0007	0.0172	0.0076	0.0236	0.0397	0.0077	0.0014	0.0398	0.1446	0.0161	0.0001	0.2680	
0.0232	0.0867	0.0330	0.0190	0.0100	0.0400	0.0000	0.0022	0.1764	0.1106	0.0061	0.2544	0.0191	0.0002	0.0235	0.0130	0.0459	0.0104	0.0090	0.1171	

Emissions
0.0009	0.0088	0.0597	0.0000	0.0599	0.0057	0.0003	0.8647	
0.0007	0.0004	0.0019	0.0175	0.0099	0.0089	0.9536	0.0071	
0.2807	0.0225	0.0234	0.3458	0.0675	0.0291	0.0028	0.2281	
0.1100	0.0461	0.5482	0.0010	0.0147	0.2551	0.0001	0.0248	
0.0077	0.2148	0.0034	0.0012	0.4965	0.0006	0.0889	0.1868	
0.6428	0.0017	0.0001	0.0000	0.1816	0.1092	0.0325	0.0321	
0.1950	0.1362	0.0000	0.0000	0.5122	0.0205	0.0000	0.1362	
0.2267	0.0019	0.0001	0.0000	0.2914	0.4745	0.0000	0.0052	
0.0002	0.0060	0.7624	0.0121	0.0280	0.0001	0.1912	0.0000	
0.0457	0.0086	0.0066	0.2233	0.6852	0.0023	0.0010	0.0272	
0.0420	0.0120	0.0051	0.1107	0.0039	0.2748	0.0127	0.5387	
0.0004	0.0043	0.1891	0.1315	0.0298	0.0001	0.0653	0.5796	
0.0289	0.2523	0.0042	0.0722	0.2453	0.0043	0.0098	0.3830	
0.3785	0.5626	0.0117	0.0000	0.0000	0.0397	0.0074	0.0000	
0.3413	0.0264	0.0117	0.5528	0.0330	0.0151	0.0146	0.0050	
0.0022	0.8199	0.0014	0.0007	0.0272	0.0069	0.0414	0.1003	
0.1616	0.0529	0.0134	0.0116	0.6252	0.1210	0.0037	0.0105	
0.0932	0.0021	0.0406	0.0000	0.0012	0.8600	0.0024	0.0004	
0.0008	0.0016	0.0016	0.7582	0.0934	0.0281	0.1163	0.0000	
0.0008	0.0269	0.0027	0.0881	0.8271	0.0041	0.0004	0.0498	
