DataSet 1
Learner: Baum Welch Learner
Log Likelihood: 67461.4464474496

Number of States: 40
Number of Symbols: 8
Threshold: 0.01

Initial Distribution:
0.0000	0.2759	0.0403	0.0000	0.0000	0.0000	0.0000	0.1238	0.0523	0.0000	0.0000	0.0000	0.0001	0.0313	0.0001	0.0000	0.0000	0.3754	0.0868	0.0083	0.0000	0.0000	0.0000	0.0000	0.0000	0.0000	0.0001	0.0001	0.0051	0.0000	0.0000	0.0000	0.0000	0.0001	0.0000	0.0003	0.0001	0.0000	0.0000	0.0000	

Transitions:
0.0006	0.1064	0.6054	0.0064	0.0003	0.0017	0.0115	0.0081	0.0035	0.0088	0.0458	0.0024	0.0000	0.0001	0.0014	0.0005	0.0212	0.0007	0.0048	0.0021	0.0002	0.0007	0.0013	0.0704	0.0011	0.0004	0.0004	0.0145	0.0001	0.0110	0.0064	0.0000	0.0079	0.0009	0.0089	0.0127	0.0004	0.0127	0.0182	0.0001	
0.0000	0.0000	0.0000	0.0000	0.0003	0.0085	0.0046	0.0000	0.0004	0.0001	0.0001	0.0408	0.0008	0.0005	0.0000	0.0002	0.0002	0.0023	0.0001	0.0000	0.0011	0.0000	0.0001	0.0000	0.0055	0.2980	0.0003	0.0378	0.0113	0.0024	0.0000	0.0009	0.0000	0.0120	0.0004	0.0139	0.0002	0.4697	0.0868	0.0007	
0.0006	0.0014	0.0001	0.0371	0.0090	0.0042	0.0219	0.0018	0.0035	0.0000	0.0000	0.0072	0.0406	0.0093	0.0009	0.0001	0.0102	0.0036	0.0017	0.0014	0.0054	0.0002	0.0000	0.0970	0.0006	0.0167	0.0021	0.0004	0.0264	0.0166	0.0113	0.0217	0.0012	0.0016	0.1378	0.0148	0.1620	0.0002	0.1279	0.2014	
0.0000	0.0029	0.0041	0.0000	0.1778	0.0000	0.0000	0.0008	0.0002	0.0000	0.0002	0.0001	0.0080	0.0162	0.0158	0.0000	0.0002	0.0127	0.0000	0.0640	0.0001	0.0148	0.0000	0.0000	0.0000	0.0000	0.0006	0.0000	0.0530	0.0000	0.0026	0.0000	0.0000	0.0400	0.0042	0.1488	0.3166	0.0433	0.0665	0.0065	
0.0319	0.0338	0.0645	0.0011	0.0102	0.0137	0.0013	0.3333	0.0005	0.0012	0.0017	0.0012	0.0143	0.0097	0.0420	0.0139	0.0224	0.0001	0.0005	0.0745	0.0026	0.0012	0.0020	0.0279	0.0094	0.1171	0.0124	0.0004	0.0063	0.0003	0.0132	0.0200	0.0113	0.0334	0.0072	0.0048	0.0008	0.0366	0.0177	0.0036	
0.0000	0.0008	0.0001	0.0249	0.0004	0.0003	0.1049	0.0008	0.0062	0.0061	0.0574	0.0263	0.0001	0.0010	0.0001	0.0011	0.0109	0.0005	0.0011	0.0001	0.0017	0.0000	0.0000	0.0239	0.0000	0.0000	0.0001	0.4528	0.0001	0.1955	0.0064	0.0000	0.0006	0.0447	0.0125	0.0052	0.0007	0.0001	0.0126	0.0000	
0.3518	0.0039	0.0024	0.0000	0.0376	0.0164	0.0012	0.0003	0.0017	0.0000	0.0024	0.0008	0.0203	0.0019	0.0234	0.0002	0.0071	0.0000	0.0001	0.0233	0.0027	0.0095	0.0132	0.0001	0.0022	0.0001	0.0087	0.0000	0.0233	0.0008	0.0064	0.0180	0.0005	0.0004	0.1455	0.1233	0.0152	0.0055	0.1152	0.0146	
0.0002	0.0039	0.0014	0.0492	0.0058	0.0001	0.3374	0.0052	0.0584	0.0000	0.0014	0.0254	0.0049	0.0556	0.0010	0.0001	0.0318	0.0004	0.0069	0.0003	0.0035	0.0060	0.0001	0.1099	0.0004	0.0117	0.0037	0.0009	0.0454	0.0326	0.0001	0.0645	0.0015	0.1043	0.0007	0.0020	0.0067	0.0001	0.0005	0.0159	
0.0011	0.0047	0.0066	0.0084	0.0094	0.0024	0.0486	0.0327	0.0720	0.0005	0.0789	0.0197	0.0007	0.0333	0.0078	0.0004	0.0319	0.0000	0.0007	0.0008	0.0243	0.0126	0.0035	0.0020	0.0039	0.0027	0.0083	0.0042	0.0044	0.0000	0.0008	0.3308	0.0039	0.1200	0.0344	0.0015	0.0027	0.0039	0.0702	0.0054	
0.0000	0.0000	0.0686	0.0045	0.0196	0.0054	0.0048	0.0051	0.0088	0.0086	0.0040	0.0104	0.0621	0.3051	0.0023	0.0358	0.0039	0.0000	0.0041	0.0016	0.0098	0.0046	0.0025	0.0144	0.0019	0.0003	0.0018	0.0000	0.0023	0.0001	0.0001	0.0002	0.0040	0.0675	0.0000	0.0542	0.2682	0.0002	0.0000	0.0132	
0.0026	0.0888	0.0030	0.0000	0.0523	0.0007	0.0010	0.0231	0.0055	0.0000	0.0280	0.0004	0.0111	0.0069	0.0615	0.0001	0.0165	0.0494	0.0073	0.0081	0.0017	0.0782	0.0073	0.0003	0.0022	0.0004	0.0369	0.0306	0.0236	0.0001	0.0408	0.0044	0.0022	0.0010	0.0731	0.1655	0.0232	0.0014	0.0881	0.0525	
0.0126	0.0058	0.0144	0.0011	0.0020	0.0028	0.0000	0.0050	0.0004	0.0018	0.0765	0.0013	0.0057	0.0044	0.0712	0.0015	0.0054	0.0000	0.0003	0.0023	0.0178	0.5693	0.0041	0.0437	0.0239	0.0017	0.0016	0.0005	0.0058	0.0135	0.0020	0.0497	0.0222	0.0016	0.0025	0.0010	0.0066	0.0117	0.0028	0.0035	
0.0107	0.0016	0.0014	0.0004	0.0375	0.0006	0.1446	0.0026	0.0016	0.0002	0.0027	0.0037	0.0993	0.0017	0.0640	0.0002	0.0492	0.0016	0.0005	0.0167	0.0059	0.0476	0.0279	0.0058	0.0017	0.0001	0.0360	0.0000	0.0710	0.0079	0.0007	0.0679	0.0088	0.0880	0.0285	0.0951	0.0421	0.0091	0.0125	0.0027	
0.0087	0.0071	0.0013	0.0033	0.0065	0.0001	0.0201	0.0060	0.0008	0.0001	0.0029	0.0161	0.0024	0.0030	0.0073	0.0003	0.0127	0.0004	0.0010	0.0033	0.0041	0.0402	0.0024	0.0451	0.0045	0.0045	0.0032	0.0085	0.0036	0.0387	0.0089	0.5734	0.0034	0.0101	0.0177	0.0076	0.0018	0.0087	0.1068	0.0036	
0.0012	0.0228	0.0144	0.0065	0.0019	0.0022	0.0555	0.0261	0.0075	0.0211	0.0010	0.0085	0.0091	0.0016	0.0172	0.0948	0.0095	0.0273	0.0178	0.0186	0.0220	0.0138	0.0048	0.0576	0.0392	0.0850	0.0135	0.0003	0.0052	0.0132	0.0027	0.0012	0.0012	0.0031	0.0046	0.0125	0.0036	0.2141	0.1251	0.0128	
0.0453	0.0009	0.0091	0.0119	0.0554	0.0034	0.0116	0.0491	0.0129	0.0202	0.0166	0.0042	0.0470	0.1041	0.0134	0.0377	0.0071	0.0000	0.0164	0.0098	0.0249	0.1849	0.0256	0.0182	0.0402	0.0037	0.0021	0.0000	0.0371	0.0008	0.0001	0.0265	0.0042	0.0460	0.0001	0.0263	0.0767	0.0051	0.0002	0.0013	
0.0497	0.0032	0.0063	0.0004	0.0317	0.1079	0.0149	0.0029	0.0007	0.0007	0.0052	0.0083	0.0007	0.0040	0.0348	0.0025	0.0059	0.0046	0.0002	0.0087	0.0083	0.0497	0.0006	0.1077	0.0159	0.1781	0.0222	0.0001	0.0081	0.0017	0.0083	0.0110	0.0023	0.0059	0.0326	0.1269	0.0073	0.0151	0.0920	0.0128	
0.0000	0.0000	0.0000	0.7991	0.0000	0.0008	0.1023	0.0000	0.0000	0.0702	0.0000	0.0003	0.0001	0.0000	0.0000	0.0072	0.0001	0.0000	0.0000	0.0000	0.0000	0.0000	0.0000	0.0000	0.0003	0.0153	0.0000	0.0010	0.0000	0.0000	0.0000	0.0000	0.0000	0.0000	0.0000	0.0002	0.0000	0.0000	0.0029	0.0001	
0.0000	0.0000	0.0000	0.0690	0.0001	0.0002	0.0042	0.0009	0.0026	0.0859	0.0002	0.0111	0.0000	0.0000	0.0000	0.0099	0.0001	0.0000	0.0000	0.0000	0.0046	0.0000	0.0001	0.0003	0.0128	0.0807	0.0001	0.0035	0.0001	0.0048	0.0000	0.5049	0.0000	0.0156	0.0044	0.0001	0.0000	0.0468	0.1370	0.0000	
0.0002	0.1396	0.0002	0.0005	0.0018	0.0000	0.3696	0.0004	0.0017	0.0005	0.0009	0.0200	0.0364	0.0027	0.0035	0.0003	0.0036	0.0000	0.0000	0.0026	0.0043	0.0012	0.0011	0.1762	0.0008	0.0003	0.0089	0.0010	0.0260	0.0145	0.0000	0.0013	0.0023	0.1057	0.0002	0.0445	0.0099	0.0025	0.0016	0.0130	
0.0364	0.0035	0.0359	0.0041	0.0179	0.0111	0.0076	0.0055	0.0074	0.0532	0.0129	0.0011	0.0041	0.0179	0.0067	0.0560	0.0047	0.0001	0.0150	0.0057	0.0445	0.1108	0.0602	0.1817	0.0399	0.0003	0.0004	0.0003	0.0231	0.0284	0.0024	0.0488	0.0769	0.0128	0.0036	0.0010	0.0128	0.0367	0.0021	0.0066	
0.0003	0.0016	0.0632	0.0013	0.0008	0.0011	0.1253	0.1335	0.0032	0.0012	0.0002	0.0029	0.0029	0.0104	0.0096	0.0103	0.0093	0.0512	0.0046	0.0486	0.0050	0.0149	0.0015	0.0585	0.0145	0.0921	0.0023	0.0000	0.0013	0.0010	0.0240	0.0137	0.0303	0.0016	0.0071	0.0153	0.0091	0.1521	0.0725	0.0014	
0.0001	0.0042	0.0603	0.0152	0.0132	0.0014	0.1403	0.0148	0.0030	0.1172	0.0079	0.0022	0.0007	0.0059	0.0026	0.1054	0.0101	0.0000	0.0067	0.0010	0.0132	0.0138	0.0015	0.0451	0.0231	0.0002	0.0044	0.0004	0.0001	0.0015	0.0092	0.0071	0.0005	0.0004	0.0034	0.0565	0.0091	0.2038	0.0739	0.0206	
0.0473	0.0250	0.0202	0.0008	0.0157	0.0644	0.1131	0.0265	0.0007	0.0051	0.0004	0.0095	0.0186	0.0023	0.0007	0.0257	0.0264	0.0002	0.0002	0.0221	0.0165	0.0071	0.0170	0.0985	0.0440	0.0004	0.0020	0.0000	0.0096	0.0101	0.0082	0.0089	0.0816	0.0002	0.0037	0.1261	0.0133	0.1229	0.0009	0.0042	
0.0016	0.0004	0.0194	0.0948	0.0018	0.0000	0.0192	0.0026	0.0062	0.2477	0.0072	0.0092	0.0004	0.0276	0.0004	0.1254	0.0012	0.0000	0.0044	0.0000	0.0040	0.0156	0.0009	0.2472	0.0192	0.0000	0.0001	0.0030	0.0020	0.0051	0.0001	0.1226	0.0006	0.0031	0.0001	0.0018	0.0014	0.0027	0.0001	0.0009	
0.0012	0.0000	0.0000	0.0000	0.0517	0.1767	0.0000	0.0018	0.0063	0.1231	0.0562	0.0003	0.0034	0.0054	0.0006	0.0035	0.0007	0.0000	0.0000	0.0040	0.0000	0.0005	0.0002	0.0000	0.0121	0.0000	0.0010	0.0001	0.0049	0.0000	0.0004	0.0002	0.0000	0.0379	0.1193	0.1754	0.0769	0.1262	0.0001	0.0100	
0.0095	0.0002	0.0003	0.0002	0.0110	0.0143	0.0316	0.0013	0.0058	0.0001	0.0522	0.0086	0.0371	0.0008	0.0434	0.0011	0.0024	0.0132	0.0009	0.0001	0.0103	0.0395	0.0670	0.0042	0.0093	0.0019	0.0122	0.0000	0.0178	0.0050	0.0021	0.0023	0.0158	0.3151	0.0731	0.0493	0.0288	0.0507	0.0602	0.0013	
0.0000	0.0003	0.0000	0.0000	0.0037	0.0000	0.0001	0.0023	0.0001	0.0000	0.0108	0.0000	0.0032	0.0000	0.0020	0.0000	0.0002	0.0012	0.0001	0.0126	0.0002	0.0012	0.0057	0.0000	0.0311	0.0018	0.0105	0.5933	0.0024	0.0000	0.2006	0.0002	0.0000	0.0000	0.0980	0.0004	0.0133	0.0003	0.0001	0.0045	
0.0041	0.0247	0.0390	0.0005	0.0007	0.0000	0.0380	0.0332	0.0119	0.0013	0.0018	0.0002	0.0165	0.0052	0.1020	0.0021	0.0261	0.0018	0.0106	0.0142	0.0007	0.0237	0.0820	0.1187	0.0345	0.0002	0.0021	0.0003	0.0041	0.0089	0.0002	0.0231	0.0076	0.3228	0.0154	0.0026	0.0006	0.0098	0.0025	0.0062	
0.0158	0.0307	0.1596	0.0025	0.0057	0.0008	0.0284	0.0683	0.0015	0.0395	0.1151	0.0031	0.0004	0.0028	0.0268	0.0293	0.0102	0.0033	0.0023	0.0078	0.0013	0.2145	0.0735	0.0561	0.0267	0.0003	0.0027	0.0001	0.0014	0.0089	0.0026	0.0188	0.0020	0.0005	0.0020	0.0111	0.0010	0.0218	0.0003	0.0006	
0.0433	0.1223	0.0003	0.0027	0.0085	0.0133	0.0332	0.0292	0.0017	0.0096	0.0032	0.0098	0.0324	0.0045	0.0126	0.0013	0.0690	0.0000	0.0118	0.0600	0.0233	0.0404	0.0213	0.1222	0.0367	0.0010	0.1093	0.0016	0.0057	0.0012	0.0001	0.0447	0.0048	0.0012	0.0000	0.0484	0.0260	0.0066	0.0000	0.0370	
0.0000	0.0000	0.0410	0.0115	0.0000	0.0000	0.0019	0.0766	0.0002	0.0045	0.0001	0.0000	0.0000	0.0004	0.0033	0.0139	0.0001	0.0056	0.0017	0.0017	0.0020	0.0076	0.0009	0.0604	0.0112	0.0010	0.0000	0.0000	0.0001	0.0084	0.0155	0.0010	0.7160	0.0012	0.0000	0.0000	0.0000	0.0045	0.0074	0.0000	
0.0006	0.7869	0.0243	0.0040	0.0007	0.0026	0.0067	0.0066	0.0012	0.0019	0.0000	0.0003	0.0006	0.0001	0.0018	0.0083	0.0024	0.0001	0.0027	0.0004	0.0040	0.0012	0.0079	0.0076	0.0546	0.0502	0.0000	0.0001	0.0005	0.0022	0.0001	0.0006	0.0037	0.0001	0.0000	0.0024	0.0001	0.0123	0.0000	0.0001	
0.0019	0.1596	0.0102	0.0000	0.0209	0.0000	0.0302	0.0300	0.0011	0.0004	0.0008	0.0017	0.0773	0.0087	0.0341	0.0104	0.0133	0.0000	0.0073	0.0039	0.0066	0.1742	0.0056	0.0194	0.0056	0.0000	0.0402	0.0000	0.0214	0.0009	0.0007	0.0619	0.0001	0.0500	0.0106	0.1400	0.0094	0.0096	0.0154	0.0164	
0.0609	0.1373	0.0271	0.0002	0.0117	0.0283	0.0006	0.2210	0.0090	0.0023	0.0051	0.0119	0.0208	0.0047	0.0542	0.0004	0.0318	0.0082	0.0265	0.0145	0.0046	0.0027	0.0126	0.0040	0.0011	0.0000	0.0532	0.0034	0.0105	0.0645	0.0014	0.0111	0.0535	0.0347	0.0014	0.0129	0.0127	0.0000	0.0019	0.0374	
0.0475	0.0007	0.0075	0.0006	0.0094	0.0053	0.0155	0.0088	0.0001	0.0000	0.0038	0.0030	0.1119	0.0010	0.0004	0.0004	0.0132	0.0000	0.0000	0.0058	0.0053	0.1456	0.0963	0.0122	0.0042	0.0696	0.2049	0.0001	0.0051	0.0007	0.0000	0.1488	0.0007	0.0028	0.0005	0.0264	0.0371	0.0016	0.0003	0.0026	
0.0005	0.0013	0.0060	0.0042	0.0036	0.0003	0.1172	0.0753	0.0013	0.0002	0.0038	0.0050	0.0662	0.0021	0.0211	0.0000	0.0073	0.0000	0.0001	0.0807	0.0051	0.2148	0.0156	0.2207	0.0005	0.0004	0.0123	0.0003	0.0033	0.0095	0.0004	0.0234	0.0048	0.0568	0.0000	0.0097	0.0211	0.0001	0.0000	0.0051	
0.0191	0.0000	0.1602	0.0627	0.0000	0.0001	0.0006	0.0283	0.0254	0.0200	0.0600	0.0019	0.0000	0.0314	0.0063	0.0017	0.0000	0.0000	0.0865	0.0002	0.0059	0.0108	0.0377	0.1429	0.1930	0.0072	0.0000	0.0004	0.0000	0.0037	0.0468	0.0004	0.0160	0.0094	0.0109	0.0000	0.0000	0.0002	0.0104	0.0000	
0.4281	0.0180	0.0047	0.0005	0.0011	0.1954	0.0010	0.0212	0.0012	0.0000	0.0055	0.0026	0.0007	0.0006	0.0025	0.0000	0.0010	0.0039	0.0108	0.0075	0.0004	0.0004	0.0002	0.0008	0.0000	0.0001	0.0019	0.0173	0.0059	0.0612	0.0001	0.0000	0.1560	0.0410	0.0008	0.0004	0.0014	0.0000	0.0050	0.0007	
0.0031	0.0012	0.0225	0.0001	0.0029	0.0812	0.0392	0.0153	0.0104	0.0005	0.0003	0.0017	0.0255	0.0103	0.0176	0.0004	0.0016	0.0034	0.0001	0.0314	0.0184	0.0191	0.0373	0.2503	0.0027	0.0063	0.0042	0.0001	0.0076	0.0292	0.0248	0.0071	0.0067	0.1032	0.0889	0.0154	0.0534	0.0000	0.0522	0.0041	

Emissions
0.0067	0.1011	0.3360	0.0773	0.1023	0.0000	0.0219	0.3547	
0.0834	0.0380	0.0000	0.0000	0.7027	0.0131	0.0000	0.1628	
0.0703	0.0000	0.0308	0.0000	0.0000	0.8796	0.0000	0.0192	
0.0000	0.0000	0.0593	0.6896	0.0776	0.0447	0.1288	0.0000	
0.0005	0.1593	0.0000	0.0000	0.4232	0.0018	0.0123	0.4029	
0.0242	0.1535	0.6405	0.0063	0.0036	0.1393	0.0001	0.0325	
0.0053	0.0001	0.0129	0.5434	0.4380	0.0001	0.0001	0.0000	
0.1885	0.0000	0.0980	0.0000	0.0058	0.6572	0.0505	0.0000	
0.6838	0.0001	0.0173	0.0000	0.0512	0.2467	0.0001	0.0008	
0.0004	0.0000	0.0018	0.0110	0.0001	0.0072	0.9794	0.0000	
0.0336	0.0102	0.0091	0.0011	0.0008	0.0082	0.0001	0.9370	
0.2703	0.0026	0.0043	0.4176	0.2031	0.0100	0.0303	0.0617	
0.0355	0.0036	0.0011	0.0035	0.9123	0.0003	0.0003	0.0434	
0.3289	0.0007	0.0005	0.0000	0.2127	0.4373	0.0000	0.0199	
0.1911	0.1008	0.0015	0.0001	0.0499	0.0639	0.0005	0.5922	
0.0039	0.0005	0.0019	0.0993	0.0078	0.0399	0.8467	0.0002	
0.0037	0.0012	0.0018	0.1057	0.7397	0.0088	0.0099	0.1292	
0.3917	0.5936	0.0083	0.0000	0.0003	0.0060	0.0000	0.0000	
0.6995	0.0344	0.0000	0.0000	0.0388	0.2182	0.0000	0.0091	
0.3833	0.0173	0.0267	0.0000	0.2174	0.3523	0.0002	0.0027	
0.1426	0.0058	0.0051	0.3232	0.0856	0.0963	0.2201	0.1211	
0.0084	0.0001	0.0002	0.0246	0.0231	0.0650	0.0008	0.8780	
0.0966	0.0201	0.1324	0.1323	0.0043	0.0472	0.0149	0.5523	
0.0119	0.0006	0.0006	0.9356	0.0089	0.0071	0.0001	0.0352	
0.1156	0.0309	0.2414	0.0097	0.0001	0.2888	0.3131	0.0004	
0.0073	0.0000	0.9734	0.0142	0.0003	0.0000	0.0047	0.0000	
0.0061	0.0141	0.0049	0.0022	0.7900	0.0000	0.0036	0.1790	
0.0000	0.0000	0.0000	0.0000	0.0002	0.0009	0.0000	0.9989	
0.5931	0.0188	0.0000	0.0000	0.3487	0.0019	0.0104	0.0271	
0.1778	0.0161	0.0009	0.7578	0.0031	0.0028	0.0030	0.0386	
0.0083	0.6506	0.0525	0.0298	0.0163	0.2264	0.0002	0.0159	
0.0028	0.0275	0.0000	0.0361	0.0002	0.1678	0.2446	0.5210	
0.1327	0.0196	0.0129	0.3923	0.0262	0.2112	0.0125	0.1926	
0.8417	0.0002	0.0002	0.0094	0.1335	0.0012	0.0004	0.0134	
0.0009	0.8654	0.0000	0.0027	0.0587	0.0024	0.0002	0.0698	
0.0003	0.0066	0.0000	0.0000	0.9395	0.0041	0.0006	0.0489	
0.0278	0.0223	0.0000	0.0000	0.9168	0.0269	0.0004	0.0059	
0.0004	0.0000	0.0000	0.0004	0.1009	0.0000	0.8977	0.0006	
0.0080	0.8650	0.0001	0.0050	0.1198	0.0001	0.0013	0.0008	
0.0301	0.0583	0.0010	0.0089	0.8728	0.0094	0.0034	0.0160	
