DataSet 1
Learner: Baum Welch Learner
Log Likelihood: 70551.7064398828

Number of States: 10
Number of Symbols: 8
Threshold: 0.01

Initial Distribution:
0.5084	0.0000	0.0000	0.0000	0.0000	0.3150	0.0000	0.0000	0.0054	0.1711	

Transitions:
0.0012	0.0755	0.7458	0.0058	0.0184	0.0174	0.0630	0.0067	0.0568	0.0095	
0.0314	0.3258	0.0350	0.1150	0.0166	0.0049	0.1562	0.2099	0.0749	0.0304	
0.0148	0.2951	0.0094	0.1924	0.0279	0.1320	0.0165	0.0549	0.2070	0.0501	
0.0456	0.0002	0.0268	0.1025	0.1571	0.0618	0.1382	0.1316	0.0925	0.2437	
0.0255	0.0481	0.1313	0.0836	0.1619	0.0480	0.0078	0.2338	0.0092	0.2508	
0.0119	0.0054	0.0143	0.0000	0.1707	0.0335	0.6728	0.0045	0.0773	0.0096	
0.0075	0.0423	0.1062	0.0444	0.1894	0.0233	0.1458	0.0857	0.1057	0.2496	
0.0192	0.0139	0.0078	0.1810	0.2413	0.1325	0.1835	0.0692	0.0140	0.1378	
0.0137	0.1085	0.0609	0.0014	0.1804	0.1511	0.0410	0.1608	0.1713	0.1109	
0.0663	0.3052	0.1263	0.2101	0.0576	0.1179	0.0246	0.0620	0.0289	0.0011	

Emissions
0.4304	0.4265	0.0143	0.0000	0.0181	0.0927	0.0116	0.0064	
0.0255	0.0038	0.0104	0.2412	0.6841	0.0193	0.0115	0.0043	
0.0389	0.0021	0.0551	0.6626	0.0142	0.0540	0.1686	0.0045	
0.0108	0.3118	0.0026	0.0684	0.2991	0.0352	0.0176	0.2546	
0.0448	0.0645	0.0617	0.0825	0.0220	0.0753	0.2082	0.4410	
0.1645	0.0518	0.0021	0.0001	0.6373	0.0138	0.0007	0.1297	
0.0035	0.0668	0.3501	0.0276	0.0887	0.0007	0.3367	0.1258	
0.0775	0.0812	0.0197	0.2148	0.1176	0.0232	0.0059	0.4600	
0.3521	0.0910	0.0350	0.0217	0.3157	0.0429	0.1286	0.0130	
0.1524	0.0346	0.0666	0.0004	0.0357	0.6806	0.0050	0.0247	
